#K-Path(1/A) Energy-Level(eV)
# NKPTS & NBANDS: 120  16
# Band-Index    1
   0.00000    -12.132133
   0.06046    -12.120241
   0.12093    -12.084534
   0.18139    -12.025058
   0.24186    -11.941944
   0.30232    -11.835300
   0.36279    -11.705288
   0.42325    -11.552140
   0.48372    -11.376124
   0.54418    -11.177518
   0.60465    -10.956705
   0.66511    -10.714131
   0.72557    -10.450248
   0.78604    -10.165622
   0.84650     -9.860917
   0.90697     -9.536839
   0.96743     -9.194191
   1.02790     -8.833920
   1.08836     -8.457048
   1.14883     -8.064696
   1.14883     -8.064696
   1.17906     -8.063732
   1.20929     -8.060859
   1.23952     -8.056139
   1.26976     -8.049677
   1.29999     -8.041602
   1.33022     -8.032092
   1.36045     -8.021369
   1.39068     -8.009688
   1.42092     -7.997330
   1.45115     -7.984613
   1.48138     -7.971880
   1.51161     -7.959485
   1.54185     -7.947796
   1.57208     -7.937171
   1.60231     -7.927930
   1.63254     -7.920394
   1.66277     -7.914817
   1.69301     -7.911393
   1.72324     -7.910241
   1.72324     -7.910241
   1.76599     -8.079762
   1.80875     -8.249051
   1.85150     -8.415503
   1.89426     -8.577102
   1.93701     -8.732296
   1.97977     -8.879870
   2.02252     -9.018883
   2.06528     -9.148584
   2.10803     -9.268399
   2.15079     -9.377854
   2.19354     -9.476573
   2.23630     -9.564264
   2.27905     -9.640686
   2.32181     -9.705637
   2.36456     -9.758973
   2.40732     -9.800567
   2.45007     -9.830337
   2.49283     -9.848226
   2.53558     -9.854192
   2.53558     -9.854192
   2.58795     -9.891971
   2.64031     -9.996686
   2.69267    -10.148940
   2.74504    -10.329050
   2.79740    -10.522064
   2.84977    -10.717820
   2.90213    -10.909700
   2.95449    -11.093386
   3.00686    -11.265988
   3.05922    -11.425502
   3.11158    -11.570544
   3.16395    -11.700135
   3.21631    -11.813547
   3.26868    -11.910224
   3.32104    -11.989771
   3.37340    -12.051926
   3.42577    -12.096455
   3.47813    -12.123220
   3.53050    -12.132133
   3.53050    -12.132133
   3.59463    -12.118757
   3.65876    -12.078622
   3.72289    -12.011872
   3.78702    -11.918817
   3.85116    -11.799815
   3.91529    -11.655395
   3.97942    -11.486302
   4.04355    -11.293461
   4.10769    -11.078105
   4.17182    -10.841883
   4.23595    -10.586939
   4.30008    -10.316118
   4.36422    -10.033259
   4.42835     -9.743447
   4.49248     -9.453363
   4.55661     -9.171608
   4.62074     -8.908416
   4.68488     -8.674647
   4.74901     -8.479552
   4.74901     -8.479552
   4.79681     -8.533541
   4.84461     -8.579747
   4.89241     -8.618103
   4.94022     -8.648503
   4.98802     -8.670792
   5.03582     -8.684794
   5.08362     -8.690299
   5.13142     -8.687119
   5.17922     -8.675056
   5.22702     -8.653957
   5.27483     -8.623691
   5.32263     -8.584212
   5.37043     -8.535521
   5.41823     -8.477719
   5.46603     -8.411021
   5.51383     -8.335765
   5.56163     -8.252449
   5.60944     -8.161783
   5.65724     -8.064696
 
# Band-Index    2
   5.65724     -8.064696
   5.60944     -7.962400
   5.56163     -7.856456
   5.51383     -7.748833
   5.46603     -7.641924
   5.41823     -7.538602
   5.37043     -7.442150
   5.32263     -7.356098
   5.27483     -7.283903
   5.22702     -7.228508
   5.17922     -7.191804
   5.13142     -7.174323
   5.08362     -7.175111
   5.03582     -7.192062
   4.98802     -7.222375
   4.94022     -7.263083
   4.89241     -7.311420
   4.84461     -7.365102
   4.79681     -7.422460
   4.74901     -7.482436
   4.74901     -7.482436
   4.68488     -7.284848
   4.62074     -7.058867
   4.55661     -6.804728
   4.49248     -6.522687
   4.42835     -6.213098
   4.36422     -5.876366
   4.30008     -5.512984
   4.23595     -5.123528
   4.17182     -4.708830
   4.10769     -4.269902
   4.04355     -3.808135
   3.97942     -3.325555
   3.91529     -2.825150
   3.85116     -2.311692
   3.78702     -1.793459
   3.72289     -1.285957
   3.65876     -0.820503
   3.59463     -0.462037
   3.53050     -0.319265
   3.53050     -0.319265
   3.47813     -0.427309
   3.42577     -0.712480
   3.37340     -1.105022
   3.32104     -1.554026
   3.26868     -2.030721
   3.21631     -2.518790
   3.16395     -3.008724
   3.11158     -3.494314
   3.05922     -3.971104
   3.00686     -4.435482
   2.95449     -4.884223
   2.90213     -5.313931
   2.84977     -5.720708
   2.79740     -6.099410
   2.74504     -6.442814
   2.69267     -6.740355
   2.64031     -6.976713
   2.58795     -7.131970
   2.53558     -7.186590
   2.53558     -7.186590
   2.49283     -7.183591
   2.45007     -7.174723
   2.40732     -7.160395
   2.36456     -7.141321
   2.32181     -7.118567
   2.27905     -7.093648
   2.23630     -7.068626
   2.19354     -7.046248
   2.15079     -7.030042
   2.10803     -7.024371
   2.06528     -7.034191
   2.02252     -7.064524
   1.97977     -7.119432
   1.93701     -7.200882
   1.89426     -7.308054
   1.85150     -7.437605
   1.80875     -7.584624
   1.76599     -7.743806
   1.72324     -7.910241
   1.72324     -7.910241
   1.69301     -7.911393
   1.66277     -7.914817
   1.63254     -7.920394
   1.60231     -7.927930
   1.57208     -7.937171
   1.54185     -7.947796
   1.51161     -7.959485
   1.48138     -7.971880
   1.45115     -7.984613
   1.42092     -7.997330
   1.39068     -8.009688
   1.36045     -8.021369
   1.33022     -8.032092
   1.29999     -8.041602
   1.26976     -8.049677
   1.23952     -8.056139
   1.20929     -8.060859
   1.17906     -8.063732
   1.14883     -8.064696
   1.14883     -8.064696
   1.08836     -7.658126
   1.02790     -7.238709
   0.96743     -6.807868
   0.90697     -6.367136
   0.84650     -5.918126
   0.78604     -5.462423
   0.72557     -5.001615
   0.66511     -4.537314
   0.60465     -4.071080
   0.54418     -3.604494
   0.48372     -3.139349
   0.42325     -2.677833
   0.36279     -2.223037
   0.30232     -1.779836
   0.24186     -1.356398
   0.18139     -0.966972
   0.12093     -0.636420
   0.06046     -0.404578
   0.00000     -0.319265
 
# Band-Index    3
   0.00000     -0.319265
   0.06046     -0.369582
   0.12093     -0.506679
   0.18139     -0.701431
   0.24186     -0.927201
   0.30232     -1.165628
   0.36279     -1.405035
   0.42325     -1.638256
   0.48372     -1.860632
   0.54418     -2.069047
   0.60465     -2.261427
   0.66511     -2.436224
   0.72557     -2.592319
   0.78604     -2.728926
   0.84650     -2.845368
   0.90697     -2.941209
   0.96743     -3.016072
   1.02790     -3.069713
   1.08836     -3.101964
   1.14883     -3.112725
   1.14883     -3.112725
   1.17906     -3.121655
   1.20929     -3.147855
   1.23952     -3.189670
   1.26976     -3.244664
   1.29999     -3.309997
   1.33022     -3.382727
   1.36045     -3.460054
   1.39068     -3.539435
   1.42092     -3.618599
   1.45115     -3.695584
   1.48138     -3.768696
   1.51161     -3.836479
   1.54185     -3.897690
   1.57208     -3.951266
   1.60231     -3.996317
   1.63254     -4.032118
   1.66277     -4.058103
   1.69301     -4.073858
   1.72324     -4.079137
   1.72324     -4.079137
   1.76599     -4.193685
   1.80875     -4.282478
   1.85150     -4.340176
   1.89426     -4.361199
   1.93701     -4.340503
   1.97977     -4.274748
   2.02252     -4.163306
   2.06528     -4.008543
   2.10803     -3.815161
   2.15079     -3.589177
   2.19354     -3.337023
   2.23630     -3.065210
   2.27905     -2.780507
   2.32181     -2.490622
   2.36456     -2.205480
   2.40732     -1.939146
   2.45007     -1.712561
   2.49283     -1.554953
   2.53558     -1.497536
   2.53558     -1.497536
   2.58795     -1.492617
   2.64031     -1.477867
   2.69267     -1.453321
   2.74504     -1.419007
   2.79740     -1.375009
   2.84977     -1.321510
   2.90213     -1.258743
   2.95449     -1.187089
   3.00686     -1.107087
   3.05922     -1.019559
   3.11158     -0.925688
   3.16395     -0.827122
   3.21631     -0.726196
   3.26868     -0.626068
   3.32104     -0.530991
   3.37340     -0.446421
   3.42577     -0.378757
   3.47813     -0.334662
   3.53050     -0.319265
   3.53050     -0.319265
   3.59463     -0.376515
   3.65876     -0.538809
   3.72289     -0.783840
   3.78702     -1.086866
   3.85116     -1.426441
   3.91529     -1.785902
   3.97942     -2.152508
   4.04355     -2.516607
   4.10769     -2.870608
   4.17182     -3.208232
   4.23595     -3.523974
   4.30008     -3.812592
   4.36422     -4.068670
   4.42835     -4.286195
   4.49248     -4.458117
   4.55661     -4.576150
   4.62074     -4.631024
   4.68488     -4.613772
   4.74901     -4.518381
   4.74901     -4.518381
   4.79681     -4.553955
   4.84461     -4.570615
   4.89241     -4.568398
   4.94022     -4.547522
   4.98802     -4.508380
   5.03582     -4.451560
   5.08362     -4.377858
   5.13142     -4.288319
   5.17922     -4.184271
   5.22702     -4.067425
   5.27483     -3.939987
   5.32263     -3.804838
   5.37043     -3.665738
   5.41823     -3.527644
   5.46603     -3.396972
   5.51383     -3.281647
   5.56163     -3.190645
   5.60944     -3.132490
   5.65724     -3.112725
 
# Band-Index    4
   5.65724     -3.112725
   5.60944     -3.131503
   5.56163     -3.183044
   5.51383     -3.257350
   5.46603     -3.342825
   5.41823     -3.428237
   5.37043     -3.503621
   5.32263     -3.560530
   5.27483     -3.592189
   5.22702     -3.593699
   5.17922     -3.562349
   5.13142     -3.497952
   5.08362     -3.402983
   5.03582     -3.282597
   4.98802     -3.144625
   4.94022     -2.999906
   4.89241     -2.862897
   4.84461     -2.752222
   4.79681     -2.689549
   4.74901     -2.694340
   4.74901     -2.694340
   4.68488     -2.557832
   4.62074     -2.405487
   4.55661     -2.239308
   4.49248     -2.061773
   4.42835     -1.875904
   4.36422     -1.685214
   4.30008     -1.493771
   4.23595     -1.306109
   4.17182     -1.126950
   4.10769     -0.960951
   4.04355     -0.812027
   3.97942     -0.683113
   3.91529     -0.575675
   3.85116     -0.489620
   3.78702     -0.423690
   3.72289     -0.375804
   3.65876     -0.343669
   3.59463     -0.325263
   3.53050     -0.319265
   3.53050     -0.319265
   3.47813     -0.334662
   3.42577     -0.378757
   3.37340     -0.446421
   3.32104     -0.530991
   3.26868     -0.626068
   3.21631     -0.726196
   3.16395     -0.827122
   3.11158     -0.925688
   3.05922     -1.019559
   3.00686     -1.107087
   2.95449     -1.187089
   2.90213     -1.258743
   2.84977     -1.321510
   2.79740     -1.375009
   2.74504     -1.419007
   2.69267     -1.453321
   2.64031     -1.477867
   2.58795     -1.492617
   2.53558     -1.497536
   2.53558     -1.497536
   2.49283     -1.508591
   2.45007     -1.541729
   2.40732     -1.596864
   2.36456     -1.673668
   2.32181     -1.771483
   2.27905     -1.889207
   2.23630     -2.025144
   2.19354     -2.177090
   2.15079     -2.342451
   2.10803     -2.518298
   2.06528     -2.701594
   2.02252     -2.889300
   1.97977     -3.078403
   1.93701     -3.265997
   1.89426     -3.449232
   1.85150     -3.625245
   1.80875     -3.791085
   1.76599     -3.943568
   1.72324     -4.079137
   1.72324     -4.079137
   1.69301     -4.073858
   1.66277     -4.058103
   1.63254     -4.032118
   1.60231     -3.996317
   1.57208     -3.951266
   1.54185     -3.897690
   1.51161     -3.836479
   1.48138     -3.768696
   1.45115     -3.695584
   1.42092     -3.618598
   1.39068     -3.539435
   1.36045     -3.460054
   1.33022     -3.382727
   1.29999     -3.309997
   1.26976     -3.244664
   1.23952     -3.189669
   1.20929     -3.147855
   1.17906     -3.121655
   1.14883     -3.112725
   1.14883     -3.112725
   1.08836     -3.101964
   1.02790     -3.069713
   0.96743     -3.016072
   0.90697     -2.941209
   0.84650     -2.845368
   0.78604     -2.728926
   0.72557     -2.592319
   0.66511     -2.436224
   0.60465     -2.261427
   0.54418     -2.069047
   0.48372     -1.860632
   0.42325     -1.638256
   0.36279     -1.405035
   0.30232     -1.165628
   0.24186     -0.927201
   0.18139     -0.701431
   0.12093     -0.506679
   0.06046     -0.369582
   0.00000     -0.319265
 
# Band-Index    5
   0.00000      2.237923
   0.06046      2.208433
   0.12093      2.123810
   0.18139      1.994058
   0.24186      1.831986
   0.30232      1.650243
   0.36279      1.459767
   0.42325      1.269180
   0.48372      1.085353
   0.54418      0.913443
   0.60465      0.757336
   0.66511      0.620180
   0.72557      0.504426
   0.78604      0.411937
   0.84650      0.344804
   0.90697      0.304377
   0.96743      0.291827
   1.02790      0.308436
   1.08836      0.355340
   1.14883      0.433504
   1.14883      0.433504
   1.17906      0.449985
   1.20929      0.498851
   1.23952      0.578479
   1.26976      0.686472
   1.29999      0.820188
   1.33022      0.976753
   1.36045      1.153354
   1.39068      1.347640
   1.42092      1.557532
   1.45115      1.781172
   1.48138      2.016954
   1.51161      2.263470
   1.54185      2.519267
   1.57208      2.782902
   1.60231      3.052531
   1.63254      3.324870
   1.66277      3.592688
   1.69301      3.832485
   1.72324      3.951931
   1.72324      3.951931
   1.76599      3.802013
   1.80875      3.636740
   1.85150      3.476846
   1.89426      3.329165
   1.93701      3.196728
   1.97977      3.081274
   2.02252      2.984201
   2.06528      2.906606
   2.10803      2.780045
   2.15079      2.629666
   2.19354      2.478338
   2.23630      2.321051
   2.27905      2.151409
   2.32181      1.963597
   2.36456      1.757020
   2.40732      1.542391
   2.45007      1.344720
   2.49283      1.200477
   2.53558      1.146817
   2.53558      1.146817
   2.58795      1.152549
   2.64031      1.169739
   2.69267      1.198264
   2.74504      1.237929
   2.79740      1.288674
   2.84977      1.350024
   2.90213      1.421530
   2.95449      1.502490
   3.00686      1.592002
   3.05922      1.688723
   3.11158      1.790850
   3.16395      1.895889
   3.21631      2.000598
   3.26868      2.100069
   3.32104      2.187782
   3.37340      2.253680
   3.42577      2.282224
   3.47813      2.260402
   3.53050      2.237923
   3.53050      2.237923
   3.59463      2.251721
   3.65876      2.293110
   3.72289      2.362064
   3.78702      2.458535
   3.85116      2.582437
   3.91529      2.636027
   3.97942      2.667433
   4.04355      2.670213
   4.10769      2.632306
   4.17182      2.546616
   4.23595      2.414573
   4.30008      2.245776
   4.36422      2.052803
   4.42835      1.847910
   4.49248      1.640955
   4.55661      1.439490
   4.62074      1.248896
   4.68488      1.073449
   4.74901      0.915939
   4.74901      0.915939
   4.79681      1.024852
   4.84461      1.244427
   4.89241      1.555609
   4.94022      1.937324
   4.98802      2.371291
   5.03582      2.840783
   5.08362      3.317414
   5.13142      3.409915
   5.17922      2.986092
   5.22702      2.577276
   5.27483      2.187491
   5.32263      1.820784
   5.37043      1.481828
   5.41823      1.176252
   5.46603      0.911042
   5.51383      0.694837
   5.56163      0.537490
   5.60944      0.448203
   5.65724      0.433504
 
# Band-Index    6
   5.65724      0.433504
   5.60944      0.494706
   5.56163      0.627415
   5.51383      0.823313
   5.46603      1.072853
   5.41823      1.367012
   5.37043      1.698212
   5.32263      2.060308
   5.27483      2.447945
   5.22702      2.855004
   5.17922      3.267547
   5.13142      3.581050
   5.08362      3.843524
   5.03582      4.276218
   4.98802      4.665823
   4.94022      4.800926
   4.89241      4.604099
   4.84461      4.334850
   4.79681      4.060288
   4.74901      3.793472
   4.74901      3.793472
   4.68488      4.588938
   4.62074      5.377045
   4.55661      5.704976
   4.49248      5.294581
   4.42835      4.907550
   4.36422      4.544989
   4.30008      4.207559
   4.23595      3.895747
   4.17182      3.609938
   4.10769      3.350573
   4.04355      3.117983
   3.97942      2.912328
   3.91529      2.733737
   3.85116      2.588014
   3.78702      2.532030
   3.72289      2.452818
   3.65876      2.339905
   3.59463      2.264687
   3.53050      2.237923
   3.53050      2.237923
   3.47813      2.260402
   3.42577      2.325196
   3.37340      2.425108
   3.32104      2.550056
   3.26868      2.688521
   3.21631      2.828383
   3.16395      2.957700
   3.11158      3.065437
   3.05922      3.144000
   3.00686      3.190402
   2.95449      3.206803
   2.90213      3.199262
   2.84977      3.175526
   2.79740      3.143212
   2.74504      3.108698
   2.69267      3.077105
   2.64031      3.052211
   2.58795      3.036277
   2.53558      3.030835
   2.53558      3.030835
   2.49283      3.020526
   2.45007      2.991785
   2.40732      2.950124
   2.36456      2.902937
   2.32181      2.858025
   2.27905      2.822122
   2.23630      2.800421
   2.19354      2.796537
   2.15079      2.812476
   2.10803      2.849077
   2.06528      2.933000
   2.02252      3.090660
   1.97977      3.254208
   1.93701      3.423777
   1.89426      3.598081
   1.85150      3.772494
   1.80875      3.931145
   1.76599      4.016982
   1.72324      3.951931
   1.72324      3.951931
   1.69301      3.832485
   1.66277      3.592689
   1.63254      3.324870
   1.60231      3.052531
   1.57208      2.782902
   1.54185      2.519267
   1.51161      2.263470
   1.48138      2.016954
   1.45115      1.781172
   1.42092      1.557532
   1.39068      1.347640
   1.36045      1.153354
   1.33022      0.976753
   1.29999      0.820188
   1.26976      0.686472
   1.23952      0.578479
   1.20929      0.498851
   1.17906      0.449985
   1.14883      0.433504
   1.14883      0.433504
   1.08836      0.543923
   1.02790      0.687441
   0.96743      0.864782
   0.90697      1.076441
   0.84650      1.322606
   0.78604      1.602613
   0.72557      1.915803
   0.66511      2.258794
   0.60465      2.626814
   0.54418      3.010363
   0.48372      3.390587
   0.42325      3.727789
   0.36279      3.844850
   0.30232      3.447664
   0.24186      3.079300
   0.18139      2.751757
   0.12093      2.483941
   0.06046      2.302888
   0.00000      2.237923
 
# Band-Index    7
   0.00000      2.237923
   0.06046      2.302888
   0.12093      2.483941
   0.18139      2.751757
   0.24186      3.079300
   0.30232      3.447664
   0.36279      3.844850
   0.42325      4.262957
   0.48372      4.696863
   0.54418      5.143365
   0.60465      5.599541
   0.66511      6.063963
   0.72557      6.535427
   0.78604      7.013029
   0.84650      7.496051
   0.90697      7.982917
   0.96743      8.470407
   1.02790      8.949483
   1.08836      9.386190
   1.14883      9.615370
   1.14883      9.615370
   1.17906      9.589340
   1.20929      9.506084
   1.23952      9.356482
   1.26976      9.141792
   1.29999      8.876976
   1.33022      8.579718
   1.36045      8.262938
   1.39068      7.934868
   1.42092      7.600853
   1.45115      7.264123
   1.48138      6.926971
   1.51161      6.591151
   1.54185      6.258042
   1.57208      5.929055
   1.60231      5.606237
   1.63254      5.292540
   1.66277      4.995199
   1.69301      4.737703
   1.72324      4.612257
   1.72324      4.612257
   1.76599      4.543054
   1.80875      4.649033
   1.85150      4.851740
   1.89426      5.093797
   1.93701      5.358646
   1.97977      5.640891
   2.02252      5.937588
   2.06528      6.215636
   2.10803      5.772375
   2.15079      5.288786
   2.19354      4.829940
   2.23630      4.405214
   2.27905      4.025426
   2.32181      3.702151
   2.36456      3.444266
   2.40732      3.254036
   2.45007      3.126642
   2.49283      3.054188
   2.53558      3.030835
   2.53558      3.030835
   2.58795      3.036277
   2.64031      3.052211
   2.69267      3.077105
   2.74504      3.108698
   2.79740      3.143212
   2.84977      3.175526
   2.90213      3.199262
   2.95449      3.206803
   3.00686      3.190402
   3.05922      3.144000
   3.11158      3.065437
   3.16395      2.957700
   3.21631      2.828383
   3.26868      2.688521
   3.32104      2.550056
   3.37340      2.425108
   3.42577      2.325196
   3.47813      2.262345
   3.53050      2.237923
   3.53050      2.237923
   3.59463      2.299635
   3.65876      2.397389
   3.72289      2.470837
   3.78702      2.594137
   3.85116      2.758719
   3.91529      2.944925
   3.97942      3.152634
   4.04355      3.382539
   4.10769      3.635353
   4.17182      3.911775
   4.23595      4.211888
   4.30008      4.535685
   4.36422      4.882057
   4.42835      5.247545
   4.49248      5.616905
   4.55661      5.861566
   4.62074      6.137533
   4.68488      6.590507
   4.74901      7.061348
   4.74901      7.061348
   4.79681      6.746106
   4.84461      6.306620
   4.89241      5.862890
   4.94022      5.502127
   4.98802      5.281212
   5.03582      4.788472
   5.08362      4.335865
   5.13142      4.138585
   5.17922      4.557833
   5.22702      5.113408
   5.27483      5.699311
   5.32263      6.300671
   5.37043      6.910585
   5.41823      7.522056
   5.46603      8.124288
   5.51383      8.696643
   5.56163      9.192953
   5.60944      9.519959
   5.65724      9.615370
 
# Band-Index    8
   5.65724      9.615370
   5.60944      9.556367
   5.56163      9.418553
   5.51383      9.221272
   5.46603      8.962455
   5.41823      8.647670
   5.37043      8.295301
   5.32263      7.923590
   5.27483      7.544765
   5.22702      7.166259
   5.17922      6.792997
   5.13142      6.428855
   5.08362      6.078716
   5.03582      5.752214
   4.98802      5.490080
   4.94022      5.792604
   4.89241      6.316380
   4.84461      6.846821
   4.79681      7.370308
   4.74901      7.597059
   4.74901      7.597059
   4.68488      7.113073
   4.62074      6.689249
   4.55661      6.614401
   4.49248      6.344107
   4.42835      6.051855
   4.36422      5.796851
   4.30008      5.586540
   4.23595      5.428382
   4.17182      5.326861
   4.10769      5.276682
   4.04355      5.253236
   3.97942      5.201542
   3.91529      5.037558
   3.85116      4.700763
   3.78702      4.225862
   3.72289      3.704189
   3.65876      3.230966
   3.59463      2.912757
   3.53050      2.811293
   3.53050      2.811293
   3.47813      2.879180
   3.42577      3.098803
   3.37340      3.448049
   3.32104      3.870361
   3.26868      4.327313
   3.21631      4.798692
   3.16395      5.273434
   3.11158      5.744700
   3.05922      6.205917
   3.00686      6.646615
   2.95449      7.043463
   2.90213      7.345644
   2.84977      7.496857
   2.79740      7.522915
   2.74504      7.494359
   2.69267      7.452819
   2.64031      7.416120
   2.58795      7.391968
   2.53558      7.383598
   2.53558      7.383598
   2.49283      7.409795
   2.45007      7.483052
   2.40732      7.586416
   2.36456      7.688800
   2.32181      7.743934
   2.27905      7.707343
   2.23630      7.571843
   2.19354      7.268492
   2.15079      6.918116
   2.10803      6.581128
   2.06528      6.316509
   2.02252      6.302937
   1.97977      6.029182
   1.93701      5.760734
   1.89426      5.499775
   1.85150      5.248495
   1.80875      5.010059
   1.76599      4.791073
   1.72324      4.612257
   1.72324      4.612257
   1.69301      4.737703
   1.66277      4.995199
   1.63254      5.292540
   1.60231      5.606237
   1.57208      5.929055
   1.54185      6.258042
   1.51161      6.591151
   1.48138      6.926971
   1.45115      7.264123
   1.42092      7.600853
   1.39068      7.934868
   1.36045      8.262939
   1.33022      8.579718
   1.29999      8.876976
   1.26976      9.141793
   1.23952      9.356482
   1.20929      9.506084
   1.17906      9.589340
   1.14883      9.615370
   1.14883      9.615370
   1.08836      9.386191
   1.02790      8.949483
   0.96743      8.470408
   0.90697      7.982917
   0.84650      7.496051
   0.78604      7.013029
   0.72557      6.535428
   0.66511      6.063963
   0.60465      5.599541
   0.54418      5.143365
   0.48372      4.696863
   0.42325      4.262957
   0.36279      3.941994
   0.30232      3.936347
   0.24186      3.723727
   0.18139      3.418246
   0.12093      3.117558
   0.06046      2.894793
   0.00000      2.811293
 
# Band-Index    9
   0.00000      7.392410
   0.06046      7.295639
   0.12093      7.038884
   0.18139      6.696828
   0.24186      6.356263
   0.30232      6.126760
   0.36279      6.129700
   0.42325      6.384033
   0.48372      6.795631
   0.54418      7.286050
   0.60465      7.815425
   0.66511      8.363865
   0.72557      8.919798
   0.78604      9.475304
   0.84650      9.973239
   0.90697     10.353036
   0.96743     10.758366
   1.02790     11.189056
   1.08836     10.822907
   1.14883     10.589618
   1.14883     10.589618
   1.17906     10.546881
   1.20929     10.447246
   1.23952     10.342298
   1.26976     10.262070
   1.29999     10.209536
   1.33022     10.176998
   1.36045     10.156961
   1.39068     10.144579
   1.42092     10.137162
   1.45115     10.132875
   1.48138     10.130626
   1.51161     10.129911
   1.54185     10.129810
   1.57208     10.130180
   1.60231     10.130790
   1.63254     10.131446
   1.66277     10.131962
   1.69301     10.132312
   1.72324     10.132435
   1.72324     10.132435
   1.76599      9.780556
   1.80875      9.356197
   1.85150      8.880652
   1.89426      8.374283
   1.93701      7.852016
   1.97977      7.324500
   2.02252      6.799999
   2.06528      6.579072
   2.10803      6.853479
   2.15079      7.119510
   2.19354      7.365623
   2.23630      7.630924
   2.27905      8.004728
   2.32181      8.389203
   2.36456      8.782898
   2.40732      9.183531
   2.45007      9.585351
   2.49283      9.964025
   2.53558     10.178457
   2.53558     10.178457
   2.58795      9.897159
   2.64031      9.438025
   2.69267      8.974297
   2.74504      8.532243
   2.79740      8.121881
   2.84977      7.750463
   2.90213      7.425621
   2.95449      7.155392
   3.00686      6.947820
   3.05922      6.808788
   3.11158      6.740007
   3.16395      6.737468
   3.21631      6.791857
   3.26868      6.889887
   3.32104      7.015697
   3.37340      7.150673
   3.42577      7.273384
   3.47813      7.360605
   3.53050      7.392410
   3.53050      7.392410
   3.59463      7.314878
   3.65876      7.113267
   3.72289      6.848617
   3.78702      6.571781
   3.85116      6.315045
   3.91529      6.098936
   3.97942      5.935735
   4.04355      5.831259
   4.10769      5.788402
   4.17182      5.807081
   4.23595      5.884806
   4.30008      6.018307
   4.36422      6.203327
   4.42835      6.435856
   4.49248      6.711445
   4.55661      6.666968
   4.62074      7.014693
   4.68488      7.381724
   4.74901      7.762060
   4.74901      7.762060
   4.79681      7.587918
   4.84461      7.711283
   4.89241      7.860872
   4.94022      8.017086
   4.98802      8.174234
   5.03582      8.329867
   5.08362      8.482825
   5.13142      8.632831
   5.17922      8.780180
   5.22702      8.925909
   5.27483      9.071947
   5.32263      9.221410
   5.37043      9.379881
   5.41823      9.556343
   5.46603      9.763368
   5.51383     10.008519
   5.56163     10.273379
   5.60944     10.498945
   5.65724     10.589618
 
# Band-Index   10
   5.65724     10.589618
   5.60944     10.537728
   5.56163     10.513488
   5.51383     10.567644
   5.46603     10.655493
   5.41823     10.741677
   5.37043     10.797255
   5.32263     10.795448
   5.27483     10.725118
   5.22702     10.593796
   5.17922     10.414931
   5.13142     10.199693
   5.08362      9.956883
   5.03582      9.693328
   4.98802      9.415883
   4.94022      9.130357
   4.89241      8.842241
   4.84461      8.557745
   4.79681      8.290324
   4.74901      8.163170
   4.74901      8.163170
   4.68488      7.755870
   4.62074      7.375464
   4.55661      7.025880
   4.49248      7.304313
   4.42835      8.136888
   4.36422      8.949472
   4.30008      9.656523
   4.23595     10.131656
   4.17182     10.190789
   4.10769      9.368811
   4.04355      8.615214
   3.97942      7.976280
   3.91529      7.519552
   3.85116      7.288504
   3.78702      7.236104
   3.72289      7.271954
   3.65876      7.330311
   3.59463      7.375775
   3.53050      7.392410
   3.53050      7.392410
   3.47813      7.360605
   3.42577      7.273384
   3.37340      7.150673
   3.32104      7.015697
   3.26868      6.889887
   3.21631      6.791857
   3.16395      6.737468
   3.11158      6.740007
   3.05922      6.808788
   3.00686      6.947820
   2.95449      7.155392
   2.90213      7.425621
   2.84977      7.750463
   2.79740      8.121881
   2.74504      8.532243
   2.69267      8.974297
   2.64031      9.438025
   2.58795      9.897159
   2.53558     10.178457
   2.53558     10.178457
   2.49283     10.106627
   2.45007      9.938467
   2.40732      9.743201
   2.36456      9.573327
   2.32181      9.479472
   2.27905      9.501487
   2.23630      9.637583
   2.19354      9.845745
   2.15079     10.077719
   2.10803     10.295347
   2.06528     10.475067
   2.02252     10.607550
   1.97977     10.693751
   1.93701     10.736531
   1.89426     10.735756
   1.85150     10.686490
   1.80875     10.578741
   1.76599     10.398144
   1.72324     10.132435
   1.72324     10.132435
   1.69301     10.132312
   1.66277     10.131962
   1.63254     10.131446
   1.60231     10.130790
   1.57208     10.130180
   1.54185     10.129810
   1.51161     10.129911
   1.48138     10.130626
   1.45115     10.132875
   1.42092     10.137162
   1.39068     10.144579
   1.36045     10.156961
   1.33022     10.176998
   1.29999     10.209536
   1.26976     10.262070
   1.23952     10.342298
   1.20929     10.447246
   1.17906     10.546881
   1.14883     10.589618
   1.14883     10.589618
   1.08836     10.822907
   1.02790     11.269593
   0.96743     11.084303
   0.90697     10.562747
   0.84650     10.024769
   0.78604      9.619119
   0.72557      9.290860
   0.66511      8.989055
   0.60465      8.712651
   0.54418      8.462350
   0.48372      8.237878
   0.42325      8.039977
   0.36279      7.868401
   0.30232      7.722864
   0.24186      7.603947
   0.18139      7.511416
   0.12093      7.445307
   0.06046      7.405635
   0.00000      7.392410
 
# Band-Index   11
   0.00000      7.557966
   0.06046      7.611129
   0.12093      7.766659
   0.18139      8.014183
   0.24186      8.340206
   0.30232      8.730990
   0.36279      9.174071
   0.42325      9.658315
   0.48372     10.173502
   0.54418     10.709246
   0.60465     11.253276
   0.66511     11.789825
   0.72557     12.296431
   0.78604     12.740544
   0.84650     12.665927
   0.90697     12.237066
   0.96743     11.757721
   1.02790     11.269593
   1.08836     11.644910
   1.14883     12.125696
   1.14883     12.125696
   1.17906     12.157613
   1.20929     12.214741
   1.23952     12.255721
   1.26976     12.282748
   1.29999     12.304751
   1.33022     12.325409
   1.36045     12.346356
   1.39068     12.368027
   1.42092     12.390502
   1.45115     12.413473
   1.48138     12.436511
   1.51161     12.459122
   1.54185     12.480597
   1.57208     12.500084
   1.60231     12.517541
   1.63254     12.531906
   1.66277     12.542503
   1.69301     12.549057
   1.72324     12.551224
   1.72324     12.551224
   1.76599     12.265292
   1.80875     12.045895
   1.85150     11.875795
   1.89426     11.738647
   1.93701     11.622743
   1.97977     11.521164
   2.02252     11.429735
   2.06528     11.346314
   2.10803     11.269752
   2.15079     11.199870
   2.19354     11.136498
   2.23630     11.079823
   2.27905     11.029947
   2.32181     10.987354
   2.36456     10.952104
   2.40732     10.924425
   2.45007     10.904219
   2.49283     10.891272
   2.53558     10.860664
   2.53558     10.860664
   2.58795     10.708910
   2.64031     10.360266
   2.69267      9.940029
   2.74504      9.505380
   2.79740      9.092041
   2.84977      8.747699
   2.90213      8.543880
   2.95449      8.503628
   3.00686      8.563999
   3.05922      8.660202
   3.11158      8.741371
   3.16395      8.747588
   3.21631      8.625896
   3.26868      8.398247
   3.32104      8.138069
   3.37340      7.900333
   3.42577      7.714854
   3.47813      7.597875
   3.53050      7.557966
   3.53050      7.557966
   3.59463      7.617679
   3.65876      7.791114
   3.72289      8.062308
   3.78702      8.407660
   3.85116      8.798485
   3.91529      9.203381
   3.97942      9.590374
   4.04355      9.928643
   4.10769     10.181818
   4.17182     10.285701
   4.23595     11.045768
   4.30008     11.831713
   4.36422     12.313537
   4.42835     12.710546
   4.49248     13.118235
   4.55661     13.542521
   4.62074     13.967041
   4.68488     14.280770
   4.74901     14.179804
   4.74901     14.179804
   4.79681     14.041087
   4.84461     13.812088
   4.89241     13.573447
   4.94022     13.332270
   4.98802     13.092604
   5.03582     12.858001
   5.08362     12.631440
   5.13142     12.416560
   5.17922     12.218214
   5.22702     12.043214
   5.27483     11.902774
   5.32263     11.811958
   5.37043     11.782029
   5.41823     11.806682
   5.46603     11.866149
   5.51383     11.941615
   5.56163     12.015991
   5.60944     12.064219
   5.65724     12.125696
 
# Band-Index   12
   5.65724     12.125696
   5.60944     12.310705
   5.56163     12.494943
   5.51383     12.642798
   5.46603     12.782640
   5.41823     12.922965
   5.37043     13.065412
   5.32263     13.210257
   5.27483     13.357321
   5.22702     13.506304
   5.17922     13.657137
   5.13142     13.809623
   5.08362     13.964785
   5.03582     14.123523
   4.98802     14.287439
   4.94022     14.458266
   4.89241     14.564189
   4.84461     14.660103
   4.79681     14.683015
   4.74901     14.448594
   4.74901     14.448594
   4.68488     14.838112
   4.62074     14.544599
   4.55661     14.109124
   4.49248     13.708135
   4.42835     13.357846
   4.36422     13.003036
   4.30008     12.208116
   4.23595     11.772687
   4.17182     11.475199
   4.10769     11.229991
   4.04355     11.029253
   3.97942     10.873619
   3.91529     10.765464
   3.85116     10.706904
   3.78702     10.697374
   3.72289     10.729760
   3.65876     10.786845
   3.59463     10.841251
   3.53050     10.863805
   3.53050     10.863805
   3.47813     10.825840
   3.42577     10.721285
   3.37340     10.573305
   3.32104     10.413571
   3.26868     10.282816
   3.21631     10.242833
   3.16395     10.369320
   3.11158     10.684517
   3.05922     11.135086
   3.00686     11.662415
   2.95449     12.223858
   2.90213     12.776492
   2.84977     13.249593
   2.79740     13.445092
   2.74504     12.868756
   2.69267     12.288555
   2.64031     11.723408
   2.58795     11.202009
   2.53558     10.899955
   2.53558     10.899955
   2.49283     10.940650
   2.45007     11.026084
   2.40732     11.115948
   2.36456     11.201997
   2.32181     11.289404
   2.27905     11.386118
   2.23630     11.501808
   2.19354     11.648019
   2.15079     11.839023
   2.10803     12.088364
   2.06528     12.403003
   2.02252     12.777148
   1.97977     13.193792
   1.93701     13.619887
   1.89426     13.933891
   1.85150     13.762573
   1.80875     13.333758
   1.76599     12.911719
   1.72324     12.551224
   1.72324     12.551224
   1.69301     12.549057
   1.66277     12.542503
   1.63254     12.531906
   1.60231     12.517541
   1.57208     12.500084
   1.54185     12.480597
   1.51161     12.459122
   1.48138     12.436511
   1.45115     12.413473
   1.42092     12.390502
   1.39068     12.368027
   1.36045     12.346356
   1.33022     12.325409
   1.29999     12.304751
   1.26976     12.282748
   1.23952     12.255721
   1.20929     12.214741
   1.17906     12.157613
   1.14883     12.125696
   1.14883     12.125696
   1.08836     12.052914
   1.02790     11.583631
   0.96743     11.757721
   0.90697     12.237066
   0.84650     12.665927
   0.78604     12.976493
   0.72557     13.088466
   0.66511     12.984845
   0.60465     12.744256
   0.54418     12.448798
   0.48372     12.145718
   0.42325     11.859786
   0.36279     11.602419
   0.30232     11.379760
   0.24186     11.195389
   0.18139     11.050718
   0.12093     10.946909
   0.06046     10.884558
   0.00000     10.863805
 
# Band-Index   13
   0.00000     10.863805
   0.06046     10.884558
   0.12093     10.946909
   0.18139     11.050718
   0.24186     11.195389
   0.30232     11.379760
   0.36279     11.602419
   0.42325     11.859786
   0.48372     12.145718
   0.54418     12.448798
   0.60465     12.744256
   0.66511     12.984845
   0.72557     13.088466
   0.78604     12.976493
   0.84650     13.078720
   0.90697     13.265688
   0.96743     13.277135
   1.02790     13.125445
   1.08836     12.631146
   1.14883     12.480279
   1.14883     12.480279
   1.17906     12.520042
   1.20929     12.654500
   1.23952     12.882398
   1.26976     13.169771
   1.29999     13.489803
   1.33022     13.828088
   1.36045     14.176367
   1.39068     14.529571
   1.42092     14.882741
   1.45115     15.230275
   1.48138     15.561306
   1.51161     15.849115
   1.54185     16.034992
   1.57208     16.089010
   1.60231     16.073643
   1.63254     16.040843
   1.66277     16.010606
   1.69301     15.990572
   1.72324     15.983609
   1.72324     15.983609
   1.76599     15.645259
   1.80875     15.250895
   1.85150     14.860356
   1.89426     14.742881
   1.93701     15.122977
   1.97977     15.584925
   2.02252     15.715985
   2.06528     15.462584
   2.10803     15.136787
   2.15079     14.793593
   2.19354     14.350130
   2.23630     13.860947
   2.27905     13.373705
   2.32181     12.891365
   2.36456     12.415937
   2.40732     11.950891
   2.45007     11.503212
   2.49283     11.097167
   2.53558     10.899955
   2.53558     10.899955
   2.58795     11.202009
   2.64031     11.723408
   2.69267     12.288555
   2.74504     12.868756
   2.79740     13.445092
   2.84977     13.985163
   2.90213     14.412084
   2.95449     14.570336
   3.00686     14.379513
   3.05922     13.981832
   3.11158     13.511569
   3.16395     13.027677
   3.21631     12.556422
   3.26868     12.113656
   3.32104     11.712738
   3.37340     11.368444
   3.42577     11.098832
   3.47813     10.924423
   3.53050     10.863805
   3.53050     10.863805
   3.59463     10.887255
   3.65876     10.958859
   3.72289     11.082103
   3.78702     11.262794
   3.85116     11.510016
   3.91529     11.833762
   3.97942     12.240731
   4.04355     12.723795
   4.10769     13.222090
   4.17182     13.368972
   4.23595     13.068542
   4.30008     12.959409
   4.36422     13.087831
   4.42835     13.919664
   4.49248     14.799252
   4.55661     15.265553
   4.62074     15.116029
   4.68488     14.958771
   4.74901     14.975370
   4.74901     14.975371
   4.79681     14.987459
   4.84461     14.821483
   4.89241     14.637237
   4.94022     14.489027
   4.98802     14.450241
   5.03582     14.452403
   5.08362     14.498489
   5.13142     14.589447
   5.17922     14.720185
   5.22702     14.854555
   5.27483     14.803801
   5.32263     14.497379
   5.37043     14.124026
   5.41823     13.736018
   5.46603     13.349685
   5.51383     12.981458
   5.56163     12.663453
   5.60944     12.471182
   5.65724     12.480279
 
# Band-Index   14
   5.65724     12.480279
   5.60944     12.674220
   5.56163     13.093784
   5.51383     13.657857
   5.46603     14.278433
   5.41823     14.917041
   5.37043     15.545573
   5.32263     15.644631
   5.27483     15.421546
   5.22702     15.499538
   5.17922     15.808381
   5.13142     16.115668
   5.08362     15.987437
   5.03582     15.879414
   4.98802     15.789573
   4.94022     15.712127
   4.89241     15.636420
   4.84461     15.545993
   4.79681     15.218519
   4.74901     15.212404
   4.74901     15.212403
   4.68488     14.998300
   4.62074     15.211852
   4.55661     15.569929
   4.49248     15.911266
   4.42835     16.225689
   4.36422     16.437351
   4.30008     15.685567
   4.23595     14.971004
   4.17182     14.445996
   4.10769     14.696479
   4.04355     15.255275
   3.97942     14.530712
   3.91529     13.796962
   3.85116     13.085007
   3.78702     12.417746
   3.72289     11.819950
   3.65876     11.325991
   3.59463     10.987027
   3.53050     10.863805
   3.53050     10.863805
   3.47813     10.924423
   3.42577     11.098832
   3.37340     11.368444
   3.32104     11.712738
   3.26868     12.113656
   3.21631     12.556422
   3.16395     13.027677
   3.11158     13.511569
   3.05922     13.981832
   3.00686     14.379513
   2.95449     14.570336
   2.90213     14.412085
   2.84977     13.985164
   2.79740     13.519913
   2.74504     13.489405
   2.69267     13.231009
   2.64031     12.883009
   2.58795     12.561990
   2.53558     12.417376
   2.53558     12.417376
   2.49283     12.468290
   2.45007     12.613724
   2.40732     12.834919
   2.36456     13.109807
   2.32181     13.419757
   2.27905     13.751253
   2.23630     14.095001
   2.19354     14.444180
   2.15079     14.838451
   2.10803     15.321895
   2.06528     15.794688
   2.02252     16.243777
   1.97977     16.354415
   1.93701     16.601087
   1.89426     16.778780
   1.85150     16.641220
   1.80875     16.466916
   1.76599     16.253451
   1.72324     15.983611
   1.72324     15.983610
   1.69301     15.990573
   1.66277     16.010607
   1.63254     16.040843
   1.60231     16.073643
   1.57208     16.089011
   1.54185     16.034992
   1.51161     15.849115
   1.48138     15.561306
   1.45115     15.230275
   1.42092     14.882741
   1.39068     14.529571
   1.36045     14.176367
   1.33022     13.828088
   1.29999     13.489803
   1.26976     13.169771
   1.23952     12.882398
   1.20929     12.654500
   1.17906     12.520042
   1.14883     12.480279
   1.14883     12.480279
   1.08836     12.847215
   1.02790     13.160942
   0.96743     13.714704
   0.90697     14.291980
   0.84650     14.892514
   0.78604     14.858324
   0.72557     14.368427
   0.66511     13.917355
   0.60465     13.503828
   0.54418     13.125335
   0.48372     12.778341
   0.42325     12.458387
   0.36279     12.159947
   0.30232     11.877547
   0.24186     11.605856
   0.18139     11.345069
   0.12093     11.108610
   0.06046     10.931585
   0.00000     10.863805
 
# Band-Index   15
   0.00000     14.954229
   0.06046     15.041213
   0.12093     15.298076
   0.18139     15.711914
   0.24186     16.261103
   0.30232     16.918275
   0.36279     17.654186
   0.42325     18.446653
   0.48372     17.814040
   0.54418     17.189784
   0.60465     16.631509
   0.66511     16.188633
   0.72557     15.944003
   0.78604     15.515041
   0.84650     15.388908
   0.90697     15.956059
   0.96743     16.556035
   1.02790     17.179086
   1.08836     17.801688
   1.14883     18.359796
   1.14883     18.359817
   1.17906     18.311407
   1.20929     18.187083
   1.23952     18.022067
   1.26976     17.840036
   1.29999     17.654097
   1.33022     17.471150
   1.36045     17.295433
   1.39068     17.130278
   1.42092     16.979647
   1.45115     16.848506
   1.48138     16.747319
   1.51161     16.702550
   1.54185     16.772108
   1.57208     16.984823
   1.60231     17.276179
   1.63254     17.587978
   1.66277     17.880590
   1.69301     18.056396
   1.72324     18.083477
   1.72324     18.083039
   1.76599     17.755741
   1.80875     17.466484
   1.85150     17.184659
   1.89426     16.893790
   1.93701     16.826659
   1.97977     16.631076
   2.02252     16.448094
   2.06528     16.901374
   2.10803     17.375958
   2.15079     17.800313
   2.19354     18.163331
   2.23630     18.353399
   2.27905     18.491094
   2.32181     18.604754
   2.36456     18.691688
   2.40732     18.753533
   2.45007     18.793549
   2.49283     18.815481
   2.53558     18.822570
   2.53558     18.822568
   2.58795     18.275583
   2.64031     17.552302
   2.69267     16.888290
   2.74504     16.365652
   2.79740     16.109380
   2.84977     16.184949
   2.90213     16.489330
   2.95449     16.837256
   3.00686     17.118298
   3.05922     17.556460
   3.11158     17.500108
   3.16395     17.165550
   3.21631     16.726506
   3.26868     16.277135
   3.32104     15.857446
   3.37340     15.492353
   3.42577     15.205003
   3.47813     15.018964
   3.53050     14.954229
   3.53050     14.954229
   3.59463     15.051099
   3.65876     15.327133
   3.72289     15.747744
   3.78702     16.273013
   3.85116     16.861825
   3.91529     17.460042
   3.97942     16.507704
   4.04355     15.525448
   4.10769     15.917800
   4.17182     16.427592
   4.23595     16.681715
   4.30008     16.674169
   4.36422     16.494383
   4.42835     16.418707
   4.49248     16.149476
   4.55661     16.319137
   4.62074     16.046803
   4.68488     15.519790
   4.74901     15.418710
   4.74901     15.418710
   4.79681     15.432253
   4.84461     15.612453
   4.89241     16.122097
   4.94022     16.617855
   4.98802     16.924712
   5.03582     16.802149
   5.08362     16.499386
   5.13142     16.156626
   5.17922     16.260200
   5.22702     16.399669
   5.27483     16.432336
   5.32263     16.111308
   5.37043     15.978994
   5.41823     16.370161
   5.46603     16.800377
   5.51383     17.255388
   5.56163     17.712745
   5.60944     18.119713
   5.65724     18.359811
 
# Band-Index   16
   5.65724     18.360016
   5.60944     18.380572
   5.56163     18.278496
   5.51383     18.118380
   5.46603     17.893734
   5.41823     17.641883
   5.37043     17.398020
   5.32263     17.219250
   5.27483     17.279505
   5.22702     17.647446
   5.17922     17.983568
   5.13142     18.182855
   5.08362     18.331412
   5.03582     18.079521
   4.98802     17.736794
   4.94022     17.835875
   4.89241     17.540047
   4.84461     17.123711
   4.79681     16.772834
   4.74901     16.525261
   4.74901     16.525243
   4.68488     17.166975
   4.62074     17.139417
   4.55661     16.555533
   4.49248     17.048899
   4.42835     17.167248
   4.36422     16.762968
   4.30008     17.124286
   4.23595     17.485032
   4.17182     17.823992
   4.10769     18.096354
   4.04355     18.192573
   3.97942     17.963247
   3.91529     17.551011
   3.85116     18.619682
   3.78702     19.686002
   3.72289     20.715177
   3.65876     21.643814
   3.59463     22.394654
   3.53050     22.541423
   3.53050     22.540942
   3.47813     22.449327
   3.42577     22.104269
   3.37340     21.658953
   3.32104     21.047980
   3.26868     20.391708
   3.21631     19.656160
   3.16395     18.954843
   3.11158     18.273878
   3.05922     17.641996
   3.00686     17.125281
   2.95449     16.838113
   2.90213     16.941191
   2.84977     17.348351
   2.79740     17.902506
   2.74504     18.525177
   2.69267     19.182615
   2.64031     19.856113
   2.58795     20.005523
   2.53558     19.428023
   2.53558     19.428049
   2.49283     19.414192
   2.45007     19.369525
   2.40732     19.285781
   2.36456     19.153886
   2.32181     18.971574
   2.27905     18.743247
   2.23630     18.474242
   2.19354     18.196469
   2.15079     18.026403
   2.10803     17.851222
   2.06528     17.678468
   2.02252     17.521216
   1.97977     17.416318
   1.93701     17.489616
   1.89426     17.789544
   1.85150     17.833482
   1.80875     17.925395
   1.76599     18.102910
   1.72324     18.085198
   1.72324     18.086664
   1.69301     18.065532
   1.66277     17.889596
   1.63254     17.588741
   1.60231     17.276395
   1.57208     16.984854
   1.54185     16.772121
   1.51161     16.702563
   1.48138     16.747388
   1.45115     16.848518
   1.42092     16.979656
   1.39068     17.130279
   1.36045     17.295474
   1.33022     17.471239
   1.29999     17.654129
   1.26976     17.840120
   1.23952     18.022076
   1.20929     18.187200
   1.17906     18.311470
   1.14883     18.359910
   1.14883     18.360837
   1.08836     18.671066
   1.02790     17.966895
   0.96743     17.312459
   0.90697     16.732862
   0.84650     16.265166
   0.78604     15.974873
   0.72557     15.944202
   0.66511     16.188740
   0.60465     16.631596
   0.54418     17.189852
   0.48372     17.814378
   0.42325     18.478981
   0.36279     19.168677
   0.30232     19.870515
   0.24186     20.570911
   0.18139     21.249275
   0.12093     21.867494
   0.06046     22.358966
   0.00000     22.540754
