#K-Path     Band-1    Band-2    Band-3    Band-4      ...     Band-n
  0.0000  -12.1321   -0.3193   -0.3193   -0.3193    2.2379    2.2379    2.2379    2.8113    7.3924    7.3924    7.5580   10.8638   10.8638   10.8638   14.9542   22.5408
  0.0605  -12.1202   -0.4046   -0.3696   -0.3696    2.2084    2.3029    2.3029    2.8948    7.2956    7.4056    7.6111   10.8846   10.8846   10.9316   15.0412   22.3590
  0.1209  -12.0845   -0.6364   -0.5067   -0.5067    2.1238    2.4839    2.4839    3.1176    7.0389    7.4453    7.7667   10.9469   10.9469   11.1086   15.2981   21.8675
  0.1814  -12.0251   -0.9670   -0.7014   -0.7014    1.9941    2.7518    2.7518    3.4182    6.6968    7.5114    8.0142   11.0507   11.0507   11.3451   15.7119   21.2493
  0.2419  -11.9419   -1.3564   -0.9272   -0.9272    1.8320    3.0793    3.0793    3.7237    6.3563    7.6039    8.3402   11.1954   11.1954   11.6059   16.2611   20.5709
  0.3023  -11.8353   -1.7798   -1.1656   -1.1656    1.6502    3.4477    3.4477    3.9363    6.1268    7.7229    8.7310   11.3798   11.3798   11.8775   16.9183   19.8705
  0.3628  -11.7053   -2.2230   -1.4050   -1.4050    1.4598    3.8448    3.8448    3.9420    6.1297    7.8684    9.1741   11.6024   11.6024   12.1599   17.6542   19.1687
  0.4233  -11.5521   -2.6778   -1.6383   -1.6383    1.2692    3.7278    4.2630    4.2630    6.3840    8.0400    9.6583   11.8598   11.8598   12.4584   18.4467   18.4790
  0.4837  -11.3761   -3.1393   -1.8606   -1.8606    1.0854    3.3906    4.6969    4.6969    6.7956    8.2379   10.1735   12.1457   12.1457   12.7783   17.8140   17.8144
  0.5442  -11.1775   -3.6045   -2.0690   -2.0690    0.9134    3.0104    5.1434    5.1434    7.2860    8.4623   10.7092   12.4488   12.4488   13.1253   17.1898   17.1899
  0.6046  -10.9567   -4.0711   -2.2614   -2.2614    0.7573    2.6268    5.5995    5.5995    7.8154    8.7127   11.2533   12.7443   12.7443   13.5038   16.6315   16.6316
  0.6651  -10.7141   -4.5373   -2.4362   -2.4362    0.6202    2.2588    6.0640    6.0640    8.3639    8.9891   11.7898   12.9848   12.9848   13.9174   16.1886   16.1887
  0.7256  -10.4502   -5.0016   -2.5923   -2.5923    0.5044    1.9158    6.5354    6.5354    8.9198    9.2909   12.2964   13.0885   13.0885   14.3684   15.9440   15.9442
  0.7860  -10.1656   -5.4624   -2.7289   -2.7289    0.4119    1.6026    7.0130    7.0130    9.4753    9.6191   12.7405   12.9765   12.9765   14.8583   15.5150   15.9749
  0.8465   -9.8609   -5.9181   -2.8454   -2.8454    0.3448    1.3226    7.4961    7.4961    9.9732   10.0248   12.6659   12.6659   13.0787   14.8925   15.3889   16.2652
  0.9070   -9.5368   -6.3671   -2.9412   -2.9412    0.3044    1.0764    7.9829    7.9829   10.3530   10.5627   12.2371   12.2371   13.2657   14.2920   15.9561   16.7329
  0.9674   -9.1942   -6.8079   -3.0161   -3.0161    0.2918    0.8648    8.4704    8.4704   10.7584   11.0843   11.7577   11.7577   13.2771   13.7147   16.5560   17.3125
  1.0279   -8.8339   -7.2387   -3.0697   -3.0697    0.3084    0.6874    8.9495    8.9495   11.1891   11.2696   11.2696   11.5836   13.1254   13.1609   17.1791   17.9669
  1.0884   -8.4570   -7.6581   -3.1020   -3.1020    0.3553    0.5439    9.3862    9.3862   10.8229   10.8229   11.6449   12.0529   12.6311   12.8472   17.8017   18.6711
  1.1488   -8.0647   -8.0647   -3.1127   -3.1127    0.4335    0.4335    9.6154    9.6154   10.5896   10.5896   12.1257   12.1257   12.4803   12.4803   18.3598   18.3608
  1.1488   -8.0647   -8.0647   -3.1127   -3.1127    0.4335    0.4335    9.6154    9.6154   10.5896   10.5896   12.1257   12.1257   12.4803   12.4803   18.3598   18.3599
  1.1791   -8.0637   -8.0637   -3.1217   -3.1217    0.4500    0.4500    9.5893    9.5893   10.5469   10.5469   12.1576   12.1576   12.5200   12.5200   18.3114   18.3115
  1.2093   -8.0609   -8.0609   -3.1479   -3.1479    0.4989    0.4989    9.5061    9.5061   10.4472   10.4472   12.2147   12.2147   12.6545   12.6545   18.1871   18.1872
  1.2395   -8.0561   -8.0561   -3.1897   -3.1897    0.5785    0.5785    9.3565    9.3565   10.3423   10.3423   12.2557   12.2557   12.8824   12.8824   18.0221   18.0221
  1.2698   -8.0497   -8.0497   -3.2447   -3.2447    0.6865    0.6865    9.1418    9.1418   10.2621   10.2621   12.2827   12.2827   13.1698   13.1698   17.8400   17.8401
  1.3000   -8.0416   -8.0416   -3.3100   -3.3100    0.8202    0.8202    8.8770    8.8770   10.2095   10.2095   12.3048   12.3048   13.4898   13.4898   17.6541   17.6541
  1.3302   -8.0321   -8.0321   -3.3827   -3.3827    0.9768    0.9768    8.5797    8.5797   10.1770   10.1770   12.3254   12.3254   13.8281   13.8281   17.4711   17.4712
  1.3605   -8.0214   -8.0214   -3.4601   -3.4601    1.1534    1.1534    8.2629    8.2629   10.1570   10.1570   12.3464   12.3464   14.1764   14.1764   17.2954   17.2955
  1.3907   -8.0097   -8.0097   -3.5394   -3.5394    1.3476    1.3476    7.9349    7.9349   10.1446   10.1446   12.3680   12.3680   14.5296   14.5296   17.1303   17.1303
  1.4209   -7.9973   -7.9973   -3.6186   -3.6186    1.5575    1.5575    7.6009    7.6009   10.1372   10.1372   12.3905   12.3905   14.8827   14.8827   16.9796   16.9797
  1.4511   -7.9846   -7.9846   -3.6956   -3.6956    1.7812    1.7812    7.2641    7.2641   10.1329   10.1329   12.4135   12.4135   15.2303   15.2303   16.8485   16.8485
  1.4814   -7.9719   -7.9719   -3.7687   -3.7687    2.0170    2.0170    6.9270    6.9270   10.1306   10.1306   12.4365   12.4365   15.5613   15.5613   16.7473   16.7474
  1.5116   -7.9595   -7.9595   -3.8365   -3.8365    2.2635    2.2635    6.5912    6.5912   10.1299   10.1299   12.4591   12.4591   15.8491   15.8491   16.7025   16.7026
  1.5418   -7.9478   -7.9478   -3.8977   -3.8977    2.5193    2.5193    6.2580    6.2580   10.1298   10.1298   12.4806   12.4806   16.0350   16.0350   16.7721   16.7721
  1.5721   -7.9372   -7.9372   -3.9513   -3.9513    2.7829    2.7829    5.9291    5.9291   10.1302   10.1302   12.5001   12.5001   16.0890   16.0890   16.9848   16.9849
  1.6023   -7.9279   -7.9279   -3.9963   -3.9963    3.0525    3.0525    5.6062    5.6062   10.1308   10.1308   12.5175   12.5175   16.0736   16.0736   17.2762   17.2764
  1.6325   -7.9204   -7.9204   -4.0321   -4.0321    3.3249    3.3249    5.2925    5.2925   10.1314   10.1314   12.5319   12.5319   16.0408   16.0408   17.5880   17.5887
  1.6628   -7.9148   -7.9148   -4.0581   -4.0581    3.5927    3.5927    4.9952    4.9952   10.1320   10.1320   12.5425   12.5425   16.0106   16.0106   17.8806   17.8896
  1.6930   -7.9114   -7.9114   -4.0739   -4.0739    3.8325    3.8325    4.7377    4.7377   10.1323   10.1323   12.5491   12.5491   15.9906   15.9906   18.0564   18.0655
  1.7232   -7.9102   -7.9102   -4.0791   -4.0791    3.9519    3.9519    4.6123    4.6123   10.1324   10.1324   12.5512   12.5512   15.9836   15.9836   18.0835   18.0867
  1.7232   -7.9102   -7.9102   -4.0791   -4.0791    3.9519    3.9519    4.6123    4.6123   10.1324   10.1324   12.5512   12.5512   15.9836   15.9836   18.0830   18.0852
  1.7660   -8.0798   -7.7438   -4.1937   -3.9436    3.8020    4.0170    4.5431    4.7911    9.7806   10.3981   12.2653   12.9117   15.6453   16.2535   17.7557   18.1029
  1.8087   -8.2491   -7.5846   -4.2825   -3.7911    3.6367    3.9311    4.6490    5.0101    9.3562   10.5787   12.0459   13.3338   15.2509   16.4669   17.4665   17.9254
  1.8515   -8.4155   -7.4376   -4.3402   -3.6252    3.4768    3.7725    4.8517    5.2485    8.8807   10.6865   11.8758   13.7626   14.8604   16.6412   17.1847   17.8335
  1.8943   -8.5771   -7.3081   -4.3612   -3.4492    3.3292    3.5981    5.0938    5.4998    8.3743   10.7358   11.7386   13.9339   14.7429   16.7788   16.8938   17.7895
  1.9370   -8.7323   -7.2009   -4.3405   -3.2660    3.1967    3.4238    5.3586    5.7607    7.8520   10.7365   11.6227   13.6199   15.1230   16.6011   16.8267   17.4896
  1.9798   -8.8799   -7.1194   -4.2747   -3.0784    3.0813    3.2542    5.6409    6.0292    7.3245   10.6938   11.5212   13.1938   15.5849   16.3544   16.6311   17.4163
  2.0225   -9.0189   -7.0645   -4.1633   -2.8893    2.9842    3.0907    5.9376    6.3029    6.8000   10.6075   11.4297   12.7771   15.7160   16.2438   16.4481   17.5212
  2.0653   -9.1486   -7.0342   -4.0085   -2.7016    2.9066    2.9330    6.2156    6.3165    6.5791   10.4751   11.3463   12.4030   15.4626   15.7947   16.9014   17.6785
  2.1080   -9.2684   -7.0244   -3.8152   -2.5183    2.7800    2.8491    5.7724    6.5811    6.8535   10.2953   11.2698   12.0884   15.1368   15.3219   17.3760   17.8512
  2.1508   -9.3779   -7.0300   -3.5892   -2.3425    2.6297    2.8125    5.2888    6.9181    7.1195   10.0777   11.1999   11.8390   14.7936   14.8385   17.8003   18.0264
  2.1935   -9.4766   -7.0462   -3.3370   -2.1771    2.4783    2.7965    4.8299    7.2685    7.3656    9.8457   11.1365   11.6480   14.3501   14.4442   18.1633   18.1965
  2.2363   -9.5643   -7.0686   -3.0652   -2.0251    2.3211    2.8004    4.4052    7.5718    7.6309    9.6376   11.0798   11.5018   13.8609   14.0950   18.3534   18.4742
  2.2791   -9.6407   -7.0936   -2.7805   -1.8892    2.1514    2.8221    4.0254    7.7073    8.0047    9.5015   11.0299   11.3861   13.3737   13.7513   18.4911   18.7432
  2.3218   -9.7056   -7.1186   -2.4906   -1.7715    1.9636    2.8580    3.7022    7.7439    8.3892    9.4795   10.9874   11.2894   12.8914   13.4198   18.6048   18.9716
  2.3646   -9.7590   -7.1413   -2.2055   -1.6737    1.7570    2.9029    3.4443    7.6888    8.7829    9.5733   10.9521   11.2020   12.4159   13.1098   18.6917   19.1539
  2.4073   -9.8006   -7.1604   -1.9391   -1.5969    1.5424    2.9501    3.2540    7.5864    9.1835    9.7432   10.9244   11.1159   11.9509   12.8349   18.7535   19.2858
  2.4501   -9.8303   -7.1747   -1.7126   -1.5417    1.3447    2.9918    3.1266    7.4831    9.5854    9.9385   10.9042   11.0261   11.5032   12.6137   18.7935   19.3695
  2.4928   -9.8482   -7.1836   -1.5550   -1.5086    1.2005    3.0205    3.0542    7.4098    9.9640   10.1066   10.8913   10.9406   11.0972   12.4683   18.8155   19.4142
  2.5356   -9.8542   -7.1866   -1.4975   -1.4975    1.1468    3.0308    3.0308    7.3836   10.1785   10.1785   10.8607   10.9000   10.9000   12.4174   18.8226   19.4280
  2.5356   -9.8542   -7.1866   -1.4975   -1.4975    1.1468    3.0308    3.0308    7.3836   10.1785   10.1785   10.8607   10.9000   10.9000   12.4174   18.8226   19.4280
  2.5879   -9.8920   -7.1320   -1.4926   -1.4926    1.1525    3.0363    3.0363    7.3920    9.8972    9.8972   10.7089   11.2020   11.2020   12.5620   18.2756   20.0055
  2.6403   -9.9967   -6.9767   -1.4779   -1.4779    1.1697    3.0522    3.0522    7.4161    9.4380    9.4380   10.3603   11.7234   11.7234   12.8830   17.5523   19.8561
  2.6927  -10.1489   -6.7404   -1.4533   -1.4533    1.1983    3.0771    3.0771    7.4528    8.9743    8.9743    9.9400   12.2886   12.2886   13.2310   16.8883   19.1826
  2.7450  -10.3291   -6.4428   -1.4190   -1.4190    1.2379    3.1087    3.1087    7.4944    8.5322    8.5322    9.5054   12.8688   12.8688   13.4894   16.3657   18.5252
  2.7974  -10.5221   -6.0994   -1.3750   -1.3750    1.2887    3.1432    3.1432    7.5229    8.1219    8.1219    9.0920   13.4451   13.4451   13.5199   16.1094   17.9025
  2.8498  -10.7178   -5.7207   -1.3215   -1.3215    1.3500    3.1755    3.1755    7.4969    7.7505    7.7505    8.7477   13.2496   13.9852   13.9852   16.1849   17.3484
  2.9021  -10.9097   -5.3139   -1.2587   -1.2587    1.4215    3.1993    3.1993    7.3456    7.4256    7.4256    8.5439   12.7765   14.4121   14.4121   16.4893   16.9412
  2.9545  -11.0934   -4.8842   -1.1871   -1.1871    1.5025    3.2068    3.2068    7.0435    7.1554    7.1554    8.5036   12.2239   14.5703   14.5703   16.8373   16.8381
  3.0069  -11.2660   -4.4355   -1.1071   -1.1071    1.5920    3.1904    3.1904    6.6466    6.9478    6.9478    8.5640   11.6624   14.3795   14.3795   17.1183   17.1253
  3.0592  -11.4255   -3.9711   -1.0196   -1.0196    1.6887    3.1440    3.1440    6.2059    6.8088    6.8088    8.6602   11.1351   13.9818   13.9818   17.5565   17.6420
  3.1116  -11.5705   -3.4943   -0.9257   -0.9257    1.7908    3.0654    3.0654    5.7447    6.7400    6.7400    8.7414   10.6845   13.5116   13.5116   17.5001   18.2739
  3.1639  -11.7001   -3.0087   -0.8271   -0.8271    1.8959    2.9577    2.9577    5.2734    6.7375    6.7375    8.7476   10.3693   13.0277   13.0277   17.1655   18.9548
  3.2163  -11.8135   -2.5188   -0.7262   -0.7262    2.0006    2.8284    2.8284    4.7987    6.7919    6.7919    8.6259   10.2428   12.5564   12.5564   16.7265   19.6562
  3.2687  -11.9102   -2.0307   -0.6261   -0.6261    2.1001    2.6885    2.6885    4.3273    6.8899    6.8899    8.3982   10.2828   12.1137   12.1137   16.2771   20.3917
  3.3210  -11.9898   -1.5540   -0.5310   -0.5310    2.1878    2.5501    2.5501    3.8704    7.0157    7.0157    8.1381   10.4136   11.7127   11.7127   15.8574   21.0480
  3.3734  -12.0519   -1.1050   -0.4464   -0.4464    2.2537    2.4251    2.4251    3.4480    7.1507    7.1507    7.9003   10.5733   11.3684   11.3684   15.4924   21.6590
  3.4258  -12.0965   -0.7125   -0.3788   -0.3788    2.2822    2.3252    2.3252    3.0988    7.2734    7.2734    7.7149   10.7213   11.0988   11.0988   15.2050   22.1043
  3.4781  -12.1232   -0.4273   -0.3347   -0.3347    2.2604    2.2604    2.2623    2.8792    7.3606    7.3606    7.5979   10.8258   10.9244   10.9244   15.0190   22.4493
  3.5305  -12.1321   -0.3193   -0.3193   -0.3193    2.2379    2.2379    2.2379    2.8113    7.3924    7.3924    7.5580   10.8638   10.8638   10.8638   14.9542   22.5409
  3.5305  -12.1321   -0.3193   -0.3193   -0.3193    2.2379    2.2379    2.2379    2.8113    7.3924    7.3924    7.5580   10.8638   10.8638   10.8638   14.9542   22.5414
  3.5946  -12.1188   -0.4620   -0.3765   -0.3253    2.2517    2.2647    2.2996    2.9128    7.3149    7.3758    7.6177   10.8413   10.8873   10.9870   15.0511   22.3947
  3.6588  -12.0786   -0.8205   -0.5388   -0.3437    2.2931    2.3399    2.3974    3.2310    7.1133    7.3303    7.7911   10.7868   10.9589   11.3260   15.3271   21.6438
  3.7229  -12.0119   -1.2860   -0.7838   -0.3758    2.3621    2.4528    2.4708    3.7042    6.8486    7.2720    8.0623   10.7298   11.0821   11.8199   15.7477   20.7152
  3.7870  -11.9188   -1.7935   -1.0869   -0.4237    2.4585    2.5320    2.5941    4.2259    6.5718    7.2361    8.4077   10.6974   11.2628   12.4177   16.2730   19.6860
  3.8512  -11.7998   -2.3117   -1.4264   -0.4896    2.5824    2.5880    2.7587    4.7008    6.3150    7.2885    8.7985   10.7069   11.5100   13.0850   16.8618   18.6197
  3.9153  -11.6554   -2.8252   -1.7859   -0.5757    2.6360    2.7337    2.9449    5.0376    6.0989    7.5196    9.2034   10.7655   11.8338   13.7970   17.4600   17.5510
  3.9794  -11.4863   -3.3256   -2.1525   -0.6831    2.6674    2.9123    3.1526    5.2015    5.9357    7.9763    9.5904   10.8736   12.2407   14.5307   16.5077   17.9632
  4.0436  -11.2935   -3.8081   -2.5166   -0.8120    2.6702    3.1180    3.3825    5.2532    5.8313    8.6152    9.9286   11.0293   12.7238   15.2553   15.5254   18.1926
  4.1077  -11.0781   -4.2699   -2.8706   -0.9610    2.6323    3.3506    3.6354    5.2767    5.7884    9.3688   10.1818   11.2300   13.2221   14.6965   15.9178   18.0964
  4.1718  -10.8419   -4.7088   -3.2082   -1.1269    2.5466    3.6099    3.9118    5.3269    5.8071   10.1908   10.2857   11.4752   13.3690   14.4460   16.4276   17.8240
  4.2360  -10.5869   -5.1235   -3.5240   -1.3061    2.4146    3.8957    4.2119    5.4284    5.8848   10.1317   11.0458   11.7727   13.0685   14.9710   16.6817   17.4850
  4.3001  -10.3161   -5.5130   -3.8126   -1.4938    2.2458    4.2076    4.5357    5.5865    6.0183    9.6565   11.8317   12.2081   12.9594   15.6856   16.6742   17.1243
  4.3642  -10.0333   -5.8764   -4.0687   -1.6852    2.0528    4.5450    4.8821    5.7969    6.2033    8.9495   12.3135   13.0030   13.0878   16.4374   16.4944   16.7630
  4.4283   -9.7434   -6.2131   -4.2862   -1.8759    1.8479    4.9076    5.2475    6.0519    6.4359    8.1369   12.7105   13.3578   13.9197   16.2257   16.4187   17.1672
  4.4925   -9.4534   -6.5227   -4.4581   -2.0618    1.6410    5.2946    5.6169    6.3441    6.7114    7.3043   13.1182   13.7081   14.7993   15.9113   16.1495   17.0489
  4.5566   -9.1716   -6.8047   -4.5762   -2.2393    1.4395    5.7050    5.8616    6.6144    6.6670    7.0259   13.5425   14.1091   15.2656   15.5699   16.3191   16.5555
  4.6207   -8.9084   -7.0589   -4.6310   -2.4055    1.2489    5.3770    6.1375    6.6892    7.0147    7.3755   13.9670   14.5446   15.1160   15.2119   16.0468   17.1394
  4.6849   -8.6746   -7.2848   -4.6138   -2.5578    1.0734    4.5889    6.5905    7.1131    7.3817    7.7559   14.2808   14.8381   14.9588   14.9983   15.5198   17.1670
  4.7490   -8.4796   -7.4824   -4.5184   -2.6943    0.9159    3.7935    7.0613    7.5971    7.7621    8.1632   14.1798   14.4486   14.9754   15.2124   15.4187   16.5252
  4.7490   -8.4796   -7.4824   -4.5184   -2.6943    0.9159    3.7935    7.0613    7.5971    7.7621    8.1632   14.1798   14.4486   14.9754   15.2124   15.4187   16.5253
  4.7968   -8.5335   -7.4225   -4.5540   -2.6895    1.0249    4.0603    6.7461    7.3703    7.5879    8.2903   14.0411   14.6830   14.9875   15.2185   15.4323   16.7728
  4.8446   -8.5797   -7.3651   -4.5706   -2.7522    1.2444    4.3348    6.3066    6.8468    7.7113    8.5577   13.8121   14.6601   14.8215   15.5460   15.6125   17.1237
  4.8924   -8.6181   -7.3114   -4.5684   -2.8629    1.5556    4.6041    5.8629    6.3164    7.8609    8.8422   13.5734   14.5642   14.6372   15.6364   16.1221   17.5400
  4.9402   -8.6485   -7.2631   -4.5475   -2.9999    1.9373    4.8009    5.5021    5.7926    8.0171    9.1304   13.3323   14.4583   14.4890   15.7121   16.6179   17.8359
  4.9880   -8.6708   -7.2224   -4.5084   -3.1446    2.3713    4.6658    5.2812    5.4901    8.1742    9.4159   13.0926   14.2874   14.4502   15.7896   16.9247   17.7368
  5.0358   -8.6848   -7.1921   -4.4516   -3.2826    2.8408    4.2762    4.7885    5.7522    8.3299    9.6933   12.8580   14.1235   14.4524   15.8794   16.8021   18.0795
  5.0836   -8.6903   -7.1751   -4.3779   -3.4030    3.3174    3.8435    4.3359    6.0787    8.4828    9.9569   12.6314   13.9648   14.4985   15.9874   16.4994   18.3314
  5.1314   -8.6871   -7.1743   -4.2883   -3.4980    3.4099    3.5810    4.1386    6.4289    8.6328   10.1997   12.4166   13.8096   14.5894   16.1157   16.1566   18.1829
  5.1792   -8.6751   -7.1918   -4.1843   -3.5623    2.9861    3.2675    4.5578    6.7930    8.7802   10.4149   12.2182   13.6571   14.7202   15.8084   16.2602   17.9836
  5.2270   -8.6540   -7.2285   -4.0674   -3.5937    2.5773    2.8550    5.1134    7.1663    8.9259   10.5938   12.0432   13.5063   14.8546   15.4995   16.3997   17.6474
  5.2748   -8.6237   -7.2839   -3.9400   -3.5922    2.1875    2.4479    5.6993    7.5448    9.0719   10.7251   11.9028   13.3573   14.8038   15.4215   16.4323   17.2795
  5.3226   -8.5842   -7.3561   -3.8048   -3.5605    1.8208    2.0603    6.3007    7.9236    9.2214   10.7954   11.8120   13.2103   14.4974   15.6446   16.1113   17.2192
  5.3704   -8.5355   -7.4421   -3.6657   -3.5036    1.4818    1.6982    6.9106    8.2953    9.3799   10.7973   11.7820   13.0654   14.1240   15.5456   15.9790   17.3980
  5.4182   -8.4777   -7.5386   -3.5276   -3.4282    1.1763    1.3670    7.5221    8.6477    9.5563   10.7417   11.8067   12.9230   13.7360   14.9170   16.3702   17.6419
  5.4660   -8.4110   -7.6419   -3.3970   -3.3428    0.9110    1.0729    8.1243    8.9625    9.7634   10.6555   11.8661   12.7826   13.3497   14.2784   16.8004   17.8937
  5.5138   -8.3358   -7.7488   -3.2816   -3.2574    0.6948    0.8233    8.6966    9.2213   10.0085   10.5676   11.9416   12.6428   12.9815   13.6579   17.2554   18.1184
  5.5616   -8.2524   -7.8565   -3.1906   -3.1830    0.5375    0.6274    9.1930    9.4186   10.2734   10.5135   12.0160   12.4949   12.6635   13.0938   17.7127   18.2785
  5.6094   -8.1618   -7.9624   -3.1325   -3.1315    0.4482    0.4947    9.5200    9.5564   10.4989   10.5377   12.0642   12.3107   12.4712   12.6742   18.1197   18.3806
  5.6572   -8.0647   -8.0647   -3.1127   -3.1127    0.4335    0.4335    9.6154    9.6154   10.5896   10.5896   12.1257   12.1257   12.4803   12.4803   18.3598   18.3600
