#K-Path(1/A) Energy-Level(eV)
# NKPTS & NBANDS: 110   9
# Band-Index    1
   0.00000    -13.395839
   0.05471    -13.385041
   0.10941    -13.352626
   0.16412    -13.298616
   0.21882    -13.223089
   0.27353    -13.126142
   0.32824    -13.007849
   0.38294    -12.868350
   0.43765    -12.707848
   0.49235    -12.526515
   0.54706    -12.324568
   0.60177    -12.102293
   0.65647    -11.860020
   0.71118    -11.598082
   0.76588    -11.316891
   0.82059    -11.016923
   0.87530    -10.698716
   0.93000    -10.362829
   0.98471    -10.009943
   1.03941     -9.640831
   1.09412     -9.256298
   1.14883     -8.857277
   1.14883     -8.857277
   1.20627     -8.853357
   1.26371     -8.841918
   1.32115     -8.823820
   1.37859     -8.800515
   1.43603     -8.774001
   1.49347     -8.746713
   1.55092     -8.721403
   1.60836     -8.700813
   1.66580     -8.687350
   1.72324     -8.682680
   1.72324     -8.682680
   1.77740     -8.923772
   1.83155     -9.163023
   1.88571     -9.395033
   1.93986     -9.615946
   1.99402     -9.822952
   2.04818    -10.014030
   2.10233    -10.187678
   2.15649    -10.342773
   2.21065    -10.478477
   2.26480    -10.594189
   2.31896    -10.689414
   2.37311    -10.763808
   2.42727    -10.817113
   2.48143    -10.849162
   2.53558    -10.859863
   2.53558    -10.859863
   2.59086    -10.906795
   2.64613    -11.035815
   2.70140    -11.221050
   2.75667    -11.437313
   2.81195    -11.666224
   2.86722    -11.895757
   2.92249    -12.118298
   2.97777    -12.328989
   3.03304    -12.524599
   3.08831    -12.702954
   3.14358    -12.862582
   3.19886    -13.002451
   3.25413    -13.121769
   3.30940    -13.219990
   3.36468    -13.296745
   3.41995    -13.351751
   3.47522    -13.384820
   3.53050    -13.395839
   3.53050    -13.395839
   3.58347    -13.385716
   3.63645    -13.355333
   3.68943    -13.304752
   3.74241    -13.234112
   3.79539    -13.143611
   3.84837    -13.033471
   3.90135    -12.904012
   3.95433    -12.755650
   4.00731    -12.588901
   4.06028    -12.404410
   4.11326    -12.202990
   4.16624    -11.985707
   4.21922    -11.753858
   4.27220    -11.509108
   4.32518    -11.253598
   4.37816    -10.990082
   4.43114    -10.722014
   4.48412    -10.453770
   4.53709    -10.190755
   4.59007     -9.939301
   4.64305     -9.706328
   4.69603     -9.498587
   4.74901     -9.321470
   4.74901     -9.321470
   4.80243     -9.388446
   4.85586     -9.444533
   4.90928     -9.489625
   4.96271     -9.523542
   5.01614     -9.546029
   5.06956     -9.556788
   5.12299     -9.555499
   5.17641     -9.541850
   5.22984     -9.515582
   5.28326     -9.476485
   5.33669     -9.424475
   5.39011     -9.359579
   5.44354     -9.282000
   5.49696     -9.192144
   5.55039     -9.090677
   5.60381     -8.978585
   5.65724     -8.857277
 
# Band-Index    2
   5.65724     -8.857248
   5.60381     -8.728557
   5.55039     -8.594968
   5.49696     -8.459690
   5.44354     -8.326710
   5.39011     -8.200828
   5.33669     -8.087457
   5.28326     -7.992138
   5.22984     -7.919741
   5.17641     -7.873469
   5.12299     -7.854163
   5.06956     -7.860109
   5.01614     -7.887698
   4.96271     -7.932379
   4.90928     -7.989588
   4.85586     -8.055384
   4.80243     -8.126846
   4.74901     -8.202132
   4.74901     -8.202132
   4.69603     -8.020685
   4.64305     -7.817368
   4.59007     -7.592307
   4.53709     -7.345642
   4.48412     -7.077558
   4.43114     -6.788284
   4.37816     -6.478069
   4.32518     -6.147221
   4.27220     -5.796103
   4.21922     -5.425176
   4.16624     -5.035061
   4.11326     -4.626518
   4.06028     -4.200610
   4.00731     -3.758734
   3.95433     -3.302895
   3.90135     -2.835937
   3.84837     -2.362149
   3.79539     -1.888208
   3.74241     -1.424931
   3.68943     -0.990457
   3.63645     -0.615666
   3.58347     -0.349489
   3.53050     -0.250824
   3.53050     -0.250824
   3.47522     -0.370360
   3.41995     -0.691148
   3.36468     -1.141071
   3.30940     -1.662725
   3.25413     -2.220998
   3.19886     -2.795087
   3.14358     -3.372247
   3.08831     -3.944012
   3.03304     -4.504125
   2.97777     -5.047456
   2.92249     -5.569220
   2.86722     -6.064344
   2.81195     -6.526480
   2.75667     -6.946925
   2.70140     -7.312902
   2.64613     -7.605467
   2.59086     -7.799025
   2.53558     -7.867484
   2.53558     -7.867484
   2.48143     -7.862047
   2.42727     -7.846144
   2.37311     -7.820991
   2.31896     -7.788780
   2.26480     -7.752953
   2.21065     -7.718584
   2.15649     -7.692841
   2.10233     -7.685193
   2.04818     -7.706897
   1.99402     -7.768848
   1.93986     -7.877764
   1.88571     -8.032959
   1.83155     -8.226581
   1.77740     -8.447015
   1.72324     -8.682647
   1.72324     -8.682647
   1.66580     -8.687318
   1.60836     -8.700781
   1.55092     -8.721372
   1.49347     -8.746682
   1.43603     -8.773971
   1.37859     -8.800485
   1.32115     -8.823790
   1.26371     -8.841889
   1.20627     -8.853328
   1.14883     -8.857248
   1.14883     -8.857248
   1.09412     -8.444720
   1.03941     -8.019800
   0.98471     -7.583651
   0.93000     -7.137529
   0.87530     -6.682789
   0.82059     -6.220787
   0.76588     -5.752965
   0.71118     -5.280777
   0.65647     -4.805746
   0.60177     -4.329444
   0.54706     -3.853531
   0.49235     -3.379933
   0.43765     -2.910983
   0.38294     -2.449728
   0.32824     -2.000498
   0.27353     -1.569740
   0.21882     -1.167339
   0.16412     -0.808591
   0.10941     -0.516274
   0.05471     -0.320466
   0.00000     -0.250824
 
# Band-Index    3
   0.00000     -0.250818
   0.05471     -0.292308
   0.10941     -0.408837
   0.16412     -0.581855
   0.21882     -0.791300
   0.27353     -1.020770
   0.32824     -1.258428
   0.38294     -1.496018
   0.43765     -1.728045
   0.49235     -1.950518
   0.54706     -2.160649
   0.60177     -2.356489
   0.65647     -2.536526
   0.71118     -2.699649
   0.76588     -2.845056
   0.82059     -2.972081
   0.87530     -3.080255
   0.93000     -3.169184
   0.98471     -3.238608
   1.03941     -3.288333
   1.09412     -3.318219
   1.14883     -3.328194
   1.14883     -3.328194
   1.20627     -3.360387
   1.26371     -3.450595
   1.32115     -3.582796
   1.37859     -3.737697
   1.43603     -3.897397
   1.49347     -4.047086
   1.55092     -4.175210
   1.60836     -4.272991
   1.66580     -4.334196
   1.72324     -4.355031
   1.72324     -4.355031
   1.77740     -4.511943
   1.83155     -4.620470
   1.88571     -4.668001
   1.93986     -4.642453
   1.99402     -4.535967
   2.04818     -4.348506
   2.10233     -4.088192
   2.15649     -3.768381
   2.21065     -3.404408
   2.26480     -3.012361
   2.31896     -2.610190
   2.37311     -2.221169
   2.42727     -1.879271
   2.48143     -1.634165
   2.53558     -1.543030
   2.53558     -1.543030
   2.59086     -1.536725
   2.64613     -1.517849
   2.70140     -1.486476
   2.75667     -1.442722
   2.81195     -1.386812
   2.86722     -1.319085
   2.92249     -1.240061
   2.97777     -1.150492
   3.03304     -1.051424
   3.08831     -0.944374
   3.14358     -0.831476
   3.19886     -0.715592
   3.25413     -0.600615
   3.30940     -0.491645
   3.36468     -0.395053
   3.41995     -0.318125
   3.47522     -0.268199
   3.53050     -0.250818
   3.53050     -0.250818
   3.58347     -0.290104
   3.63645     -0.404402
   3.68943     -0.584351
   3.74241     -0.817552
   3.79539     -1.091092
   3.84837     -1.393071
   3.90135     -1.713377
   3.95433     -2.043539
   4.00731     -2.376635
   4.06028     -2.706971
   4.11326     -3.029752
   4.16624     -3.340811
   4.21922     -3.636394
   4.27220     -3.912951
   4.32518     -4.166931
   4.37816     -4.394580
   4.43114     -4.591779
   4.48412     -4.753859
   4.53709     -4.875507
   4.59007     -4.950889
   4.64305     -4.974087
   4.69603     -4.940034
   4.74901     -4.845983
   4.74901     -4.845983
   4.80243     -4.888779
   4.85586     -4.905175
   4.90928     -4.895248
   4.96271     -4.859436
   5.01614     -4.798539
   5.06956     -4.713760
   5.12299     -4.606761
   5.17641     -4.479740
   5.22984     -4.335596
   5.28326     -4.178125
   5.33669     -4.012333
   5.39011     -3.844774
   5.44354     -3.683964
   5.49696     -3.540480
   5.55039     -3.426359
   5.60381     -3.353100
   5.65724     -3.328194
 
# Band-Index    4
   5.65724     -3.328193
   5.60381     -3.351676
   5.55039     -3.415385
   5.49696     -3.505281
   5.44354     -3.605138
   5.39011     -3.699220
   5.33669     -3.773598
   5.28326     -3.816777
   5.22984     -3.820319
   5.17641     -3.779554
   5.12299     -3.694318
   5.06956     -3.569252
   5.01614     -3.413818
   4.96271     -3.242315
   4.90928     -3.074337
   4.85586     -2.935257
   4.80243     -2.854749
   4.74901     -2.859632
   4.74901     -2.859632
   4.69603     -2.734976
   4.64305     -2.598190
   4.59007     -2.450529
   4.53709     -2.293479
   4.48412     -2.128778
   4.43114     -1.958471
   4.37816     -1.784826
   4.32518     -1.610390
   4.27220     -1.437906
   4.21922     -1.270277
   4.16624     -1.110398
   4.11326     -0.960986
   4.06028     -0.824431
   4.00731     -0.702471
   3.95433     -0.596258
   3.90135     -0.506110
   3.84837     -0.431670
   3.79539     -0.372032
   3.74241     -0.325918
   3.68943     -0.291920
   3.63645     -0.268727
   3.58347     -0.255248
   3.53050     -0.250817
   3.53050     -0.250817
   3.47522     -0.268192
   3.41995     -0.318119
   3.36468     -0.395047
   3.30940     -0.491640
   3.25413     -0.600609
   3.19886     -0.715587
   3.14358     -0.831471
   3.08831     -0.944369
   3.03304     -1.051419
   2.97777     -1.150488
   2.92249     -1.240057
   2.86722     -1.319081
   2.81195     -1.386808
   2.75667     -1.442719
   2.70140     -1.486473
   2.64613     -1.517845
   2.59086     -1.536721
   2.53558     -1.543026
   2.53558     -1.543026
   2.48143     -1.561934
   2.42727     -1.618625
   2.37311     -1.712716
   2.31896     -1.843151
   2.26480     -2.007779
   2.21065     -2.203031
   2.15649     -2.424061
   2.10233     -2.664958
   2.04818     -2.919271
   1.99402     -3.180395
   1.93986     -3.441717
   1.88571     -3.696710
   1.83155     -3.938764
   1.77740     -4.160840
   1.72324     -4.355025
   1.72324     -4.355025
   1.66580     -4.334191
   1.60836     -4.272986
   1.55092     -4.175206
   1.49347     -4.047083
   1.43603     -3.897394
   1.37859     -3.737695
   1.32115     -3.582795
   1.26371     -3.450594
   1.20627     -3.360386
   1.14883     -3.328193
   1.14883     -3.328193
   1.09412     -3.318218
   1.03941     -3.288332
   0.98471     -3.238607
   0.93000     -3.169183
   0.87530     -3.080254
   0.82059     -2.972079
   0.76588     -2.845055
   0.71118     -2.699648
   0.65647     -2.536524
   0.60177     -2.356487
   0.54706     -2.160648
   0.49235     -1.950516
   0.43765     -1.728043
   0.38294     -1.496017
   0.32824     -1.258426
   0.27353     -1.020767
   0.21882     -0.791297
   0.16412     -0.581852
   0.10941     -0.408834
   0.05471     -0.292304
   0.00000     -0.250817
 
# Band-Index    5
   0.00000      3.077291
   0.05471      3.049957
   0.10941      2.971099
   0.16412      2.848989
   0.21882      2.694493
   0.27353      2.518652
   0.32824      2.331274
   0.38294      2.140462
   0.43765      1.952487
   0.49235      1.772398
   0.54706      1.604028
   0.60177      1.450339
   0.65647      1.313743
   0.71118      1.196144
   0.76588      1.099012
   0.82059      1.023994
   0.87530      0.972159
   0.93000      0.944424
   0.98471      0.941792
   1.03941      0.965146
   1.09412      1.015287
   1.14883      1.092970
   1.14883      1.092970
   1.20627      1.154464
   1.26371      1.332702
   1.32115      1.612267
   1.37859      1.974594
   1.43603      2.402654
   1.49347      2.882299
   1.55092      3.401388
   1.60836      3.946082
   1.66580      4.483912
   1.72324      4.811524
   1.72324      4.811524
   1.77740      4.606980
   1.83155      4.387904
   1.88571      4.184006
   1.93986      4.005236
   1.99402      3.856404
   2.04818      3.740868
   2.10233      3.660860
   2.15649      3.462711
   2.21065      3.253626
   2.26480      3.029998
   2.31896      2.779285
   2.37311      2.500136
   2.42727      2.220948
   2.48143      2.003555
   2.53558      1.919726
   2.53558      1.919726
   2.59086      1.926537
   2.64613      1.946961
   2.70140      1.980861
   2.75667      2.028049
   2.81195      2.088300
   2.86722      2.161159
   2.92249      2.245988
   2.97777      2.341844
   3.03304      2.447435
   3.08831      2.560799
   3.14358      2.679204
   3.19886      2.798752
   3.25413      2.913850
   3.30940      3.015926
   3.36468      3.092166
   3.41995      3.123846
   3.47522      3.102110
   3.53050      3.077291
   3.53050      3.077291
   3.58347      3.087727
   3.63645      3.119019
   3.68943      3.171130
   3.74241      3.243994
   3.79539      3.337521
   3.84837      3.451571
   3.90135      3.538635
   3.95433      3.571254
   4.00731      3.584119
   4.06028      3.569322
   4.11326      3.520324
   4.16624      3.434319
   4.21922      3.313345
   4.27220      3.163778
   4.32518      2.993592
   4.37816      2.810807
   4.43114      2.622444
   4.48412      2.434077
   4.53709      2.250118
   4.59007      2.073932
   4.64305      1.907995
   4.69603      1.754485
   4.74901      1.614824
   4.74901      1.614824
   4.80243      1.751701
   4.85586      2.031218
   4.90928      2.426949
   4.96271      2.909648
   5.01614      3.451729
   5.06956      4.016211
   5.12299      4.363073
   5.17641      3.851317
   5.22984      3.358196
   5.28326      2.890961
   5.33669      2.456570
   5.39011      2.062990
   5.44354      1.719812
   5.49696      1.438569
   5.55039      1.232518
   5.60381      1.114349
   5.65724      1.092970
 
# Band-Index    6
   5.65724      1.092974
   5.60381      1.170223
   5.55039      1.340075
   5.49696      1.591261
   5.44354      1.910651
   5.39011      2.286055
   5.33669      2.706995
   5.28326      3.164215
   5.22984      3.646956
   5.17641      4.128980
   5.12299      4.411467
   5.06956      4.882752
   5.01614      5.381822
   4.96271      5.722551
   4.90928      5.628662
   4.85586      5.332497
   4.80243      5.008411
   4.74901      4.689533
   4.74901      4.689533
   4.69603      5.388682
   4.64305      6.079736
   4.59007      6.663490
   4.53709      6.711712
   4.48412      6.351568
   4.43114      6.008072
   4.37816      5.681882
   4.32518      5.373463
   4.27220      5.083188
   4.21922      4.811443
   4.16624      4.558484
   4.11326      4.324729
   4.06028      4.110340
   4.00731      3.915650
   3.95433      3.740803
   3.90135      3.586063
   3.84837      3.493306
   3.79539      3.418075
   3.74241      3.302455
   3.68943      3.207933
   3.63645      3.136927
   3.58347      3.092474
   3.53050      3.077294
   3.53050      3.077294
   3.47522      3.103326
   3.41995      3.178409
   3.36468      3.294162
   3.30940      3.438448
   3.25413      3.596842
   3.19886      3.753708
   3.14358      3.893545
   3.08831      4.002916
   3.03304      4.074024
   2.97777      4.106316
   2.92249      4.105808
   2.86722      4.082165
   2.81195      4.045579
   2.75667      4.004881
   2.70140      3.966762
   2.64613      3.936455
   2.59086      3.916995
   2.53558      3.910327
   2.53558      3.910327
   2.48143      3.890510
   2.42727      3.837381
   2.37311      3.766071
   2.31896      3.694920
   2.26480      3.639701
   2.21065      3.611905
   2.15649      3.617981
   2.10233      3.668743
   2.04818      3.879043
   1.99402      4.097352
   1.93986      4.324134
   1.88571      4.554996
   1.83155      4.771187
   1.77740      4.897286
   1.72324      4.811534
   1.72324      4.811534
   1.66580      4.483917
   1.60836      3.946084
   1.55092      3.401391
   1.49347      2.882301
   1.43603      2.402657
   1.37859      1.974597
   1.32115      1.612270
   1.26371      1.332706
   1.20627      1.154468
   1.14883      1.092974
   1.14883      1.092974
   1.09412      1.198935
   1.03941      1.333832
   0.98471      1.498209
   0.93000      1.692518
   0.87530      1.917011
   0.82059      2.171663
   0.76588      2.455758
   0.71118      2.768617
   0.65647      3.107473
   0.60177      3.468556
   0.54706      3.844850
   0.49235      4.223184
   0.43765      4.577522
   0.38294      4.854893
   0.32824      4.540531
   0.27353      4.165058
   0.21882      3.821880
   0.16412      3.523438
   0.10941      3.286542
   0.05471      3.131590
   0.00000      3.077294
 
# Band-Index    7
   0.00000      3.077300
   0.05471      3.131593
   0.10941      3.286546
   0.16412      3.523441
   0.21882      3.821883
   0.27353      4.165060
   0.32824      4.540533
   0.38294      4.939992
   0.43765      5.356894
   0.49235      5.787102
   0.54706      6.227632
   0.60177      6.675900
   0.65647      7.130496
   0.71118      7.590259
   0.76588      8.054468
   0.82059      8.522688
   0.87530      8.994172
   0.93000      9.467863
   0.98471      9.941194
   1.03941     10.406736
   1.09412     10.834768
   1.14883     11.066232
   1.14883     11.066232
   1.20627     10.953106
   1.26371     10.570641
   1.32115      9.988911
   1.37859      9.328586
   1.43603      8.643345
   1.49347      7.954985
   1.55092      7.275850
   1.60836      6.618219
   1.66580      6.013174
   1.72324      5.663169
   1.72324      5.663169
   1.77740      5.576667
   1.83155      5.743085
   1.88571      6.039744
   1.93986      6.390105
   1.99402      6.773583
   2.04818      7.181782
   2.10233      6.937730
   2.15649      6.276241
   2.21065      5.659871
   2.26480      5.109909
   2.31896      4.652088
   2.37311      4.307049
   2.42727      4.077872
   2.48143      3.950775
   2.53558      3.910328
   2.53558      3.910328
   2.59086      3.916997
   2.64613      3.936457
   2.70140      3.966764
   2.75667      4.004883
   2.81195      4.045581
   2.86722      4.082167
   2.92249      4.105810
   2.97777      4.106319
   3.03304      4.074027
   3.08831      4.002919
   3.14358      3.893549
   3.19886      3.753712
   3.25413      3.596846
   3.30940      3.438452
   3.36468      3.294167
   3.41995      3.178414
   3.47522      3.103331
   3.53050      3.077300
   3.53050      3.077300
   3.58347      3.124018
   3.63645      3.220813
   3.68943      3.309478
   3.74241      3.379999
   3.79539      3.440028
   3.84837      3.553235
   3.90135      3.707230
   3.95433      3.879699
   4.00731      4.070537
   4.06028      4.279688
   4.11326      4.507085
   4.16624      4.752535
   4.21922      5.015671
   4.27220      5.296110
   4.32518      5.592803
   4.37816      5.903752
   4.43114      6.224422
   4.48412      6.540508
   4.53709      6.787938
   4.59007      7.087835
   4.64305      7.479074
   4.69603      7.884268
   4.74901      8.301854
   4.74901      8.301854
   4.80243      7.890060
   4.85586      7.351036
   4.90928      6.842471
   4.96271      6.555349
   5.01614      6.009756
   5.06956      5.456883
   5.12299      5.132251
   5.17641      5.538554
   5.22984      6.193933
   5.28326      6.897528
   5.33669      7.622187
   5.39011      8.356652
   5.44354      9.089719
   5.49696      9.802398
   5.55039     10.451266
   5.60381     10.921414
   5.65724     11.066232
 
# Band-Index    8
   5.65724     11.070584
   5.60381     10.985569
   5.55039     10.802087
   5.49696     10.530377
   5.44354     10.167656
   5.39011      9.743674
   5.33669      9.292013
   5.28326      8.832414
   5.22984      8.375449
   5.17641      7.927441
   5.12299      7.494462
   5.06956      7.085682
   5.01614      6.727524
   4.96271      6.608645
   4.90928      7.230406
   4.85586      7.866607
   4.80243      8.508752
   4.74901      8.776565
   4.74901      8.776565
   4.69603      8.356357
   4.64305      7.981018
   4.59007      7.745216
   4.53709      7.748056
   4.48412      7.462036
   4.43114      7.199027
   4.37816      6.962064
   4.32518      6.755612
   4.27220      6.584457
   4.21922      6.453242
   4.16624      6.364543
   4.11326      6.315628
   4.06028      6.294007
   4.00731      6.272184
   3.95433      6.203871
   3.90135      6.032445
   3.84837      5.728118
   3.79539      5.319831
   3.74241      4.869271
   3.68943      4.439702
   3.63645      4.094232
   3.58347      3.885042
   3.53050      3.819206
   3.53050      3.819206
   3.47522      3.892030
   3.41995      4.127539
   3.36468      4.509459
   3.30940      4.979137
   3.25413      5.490776
   3.19886      6.018857
   3.14358      6.549046
   3.08831      7.071788
   3.03304      7.576616
   2.97777      8.045447
   2.92249      8.399226
   2.86722      8.557148
   2.81195      8.557059
   2.75667      8.504941
   2.70140      8.445598
   2.64613      8.396599
   2.59086      8.365163
   2.53558      8.354383
   2.53558      8.354383
   2.48143      8.404592
   2.42727      8.541604
   2.37311      8.721676
   2.31896      8.860238
   2.26480      8.846581
   2.21065      8.551489
   2.15649      8.076305
   2.10233      7.626250
   2.04818      7.629929
   1.99402      7.260412
   1.93986      6.897605
   1.88571      6.547294
   1.83155      6.215044
   1.77740      5.910604
   1.72324      5.663185
   1.72324      5.663185
   1.66580      6.013185
   1.60836      6.618228
   1.55092      7.275859
   1.49347      7.954993
   1.43603      8.643362
   1.37859      9.328645
   1.32115      9.989196
   1.26371     10.571165
   1.20627     10.953995
   1.14883     11.070584
   1.14883     11.070584
   1.09412     10.835356
   1.03941     10.406749
   0.98471      9.941233
   0.93000      9.467907
   0.87530      8.994254
   0.82059      8.522744
   0.76588      8.054693
   0.71118      7.590389
   0.65647      7.130562
   0.60177      6.675930
   0.54706      6.227719
   0.49235      5.787143
   0.43765      5.356921
   0.38294      4.939994
   0.32824      4.969046
   0.27353      4.870352
   0.21882      4.625472
   0.16412      4.335061
   0.10941      4.071120
   0.05471      3.886123
   0.00000      3.819206
 
# Band-Index    9
   0.00000      8.468030
   0.05471      8.515034
   0.10941      8.221509
   0.16412      7.882053
   0.21882      7.532343
   0.27353      7.249312
   0.32824      7.137498
   0.38294      7.267866
   0.43765      7.592191
   0.49235      8.024932
   0.54706      8.513270
   0.60177      9.029858
   0.65647      9.560491
   0.71118     10.095862
   0.76588     10.629331
   0.82059     11.155463
   0.87530     11.632096
   0.93000     11.829843
   0.98471     12.226261
   1.03941     12.620760
   1.09412     12.163156
   1.14883     11.924756
   1.14883     11.924756
   1.20627     11.789122
   1.26371     11.622972
   1.32115     11.553814
   1.37859     11.530096
   1.43603     11.523576
   1.49347     11.523876
   1.55092     11.526982
   1.60836     11.530292
   1.66580     11.532725
   1.72324     11.533616
   1.72324     11.533616
   1.77740     11.047287
   1.83155     10.441564
   1.88571      9.767889
   1.93986      9.061297
   1.99402      8.345002
   2.04818      7.636105
   2.10233      7.998934
   2.15649      8.349468
   2.21065      8.652837
   2.26480      9.047119
   2.31896      9.565868
   2.37311     10.098563
   2.42727     10.737661
   2.48143     11.327841
   2.53558     11.509571
   2.53558     11.509571
   2.59086     11.181414
   2.64613     10.662318
   2.70140     10.143184
   2.75667      9.650851
   2.81195      9.196543
   2.86722      8.789642
   2.92249      8.440233
   2.97777      8.159145
   3.03304      7.956591
   3.08831      7.838612
   3.14358      7.804229
   3.19886      7.844298
   3.25413      7.944486
   3.30940      8.084664
   3.36468      8.242321
   3.41995      8.392007
   3.47522      8.515806
   3.53050      8.468030
   3.53050      8.468030
   3.58347      8.512153
   3.63645      8.317501
   3.68943      8.092920
   3.74241      7.843183
   3.79539      7.594830
   3.84837      7.364840
   3.90135      7.164908
   3.95433      7.002511
   4.00731      6.882281
   4.06028      6.806439
   4.11326      6.776148
   4.16624      6.790945
   4.21922      6.849505
   4.27220      6.949955
   4.32518      7.089838
   4.37816      7.266472
   4.43114      7.477416
   4.48412      7.719899
   4.53709      7.995907
   4.59007      8.052433
   4.64305      8.374261
   4.69603      8.710306
   4.74901      9.058191
   4.74901      9.058191
   4.80243      8.805248
   4.85586      8.976268
   4.90928      9.165852
   4.96271      9.357909
   5.01614      9.547561
   5.06956      9.732573
   5.12299      9.912092
   5.17641     10.086307
   5.22984     10.256004
   5.28326     10.423551
   5.33669     10.593057
   5.39011     10.771985
   5.44354     10.974522
   5.49696     11.223580
   5.55039     11.523675
   5.60381     11.805549
   5.65724     11.924756
