#K-Path     Band-1    Band-2    Band-3    Band-4      ...     Band-n
  0.0000  -13.3958   -0.2508   -0.2508   -0.2508    3.0773    3.0773    3.0773    3.8192    8.4680
  0.0547  -13.3850   -0.3205   -0.2923   -0.2923    3.0500    3.1316    3.1316    3.8861    8.5150
  0.1094  -13.3526   -0.5163   -0.4088   -0.4088    2.9711    3.2865    3.2865    4.0711    8.2215
  0.1641  -13.2986   -0.8086   -0.5819   -0.5819    2.8490    3.5234    3.5234    4.3351    7.8821
  0.2188  -13.2231   -1.1673   -0.7913   -0.7913    2.6945    3.8219    3.8219    4.6255    7.5323
  0.2735  -13.1261   -1.5697   -1.0208   -1.0208    2.5187    4.1651    4.1651    4.8704    7.2493
  0.3282  -13.0078   -2.0005   -1.2584   -1.2584    2.3313    4.5405    4.5405    4.9690    7.1375
  0.3829  -12.8683   -2.4497   -1.4960   -1.4960    2.1405    4.8549    4.9400    4.9400    7.2679
  0.4376  -12.7078   -2.9110   -1.7280   -1.7280    1.9525    4.5775    5.3569    5.3569    7.5922
  0.4924  -12.5265   -3.3799   -1.9505   -1.9505    1.7724    4.2232    5.7871    5.7871    8.0249
  0.5471  -12.3246   -3.8535   -2.1606   -2.1606    1.6040    3.8449    6.2276    6.2277    8.5133
  0.6018  -12.1023   -4.3294   -2.3565   -2.3565    1.4503    3.4686    6.6759    6.6759    9.0299
  0.6565  -11.8600   -4.8057   -2.5365   -2.5365    1.3137    3.1075    7.1305    7.1306    9.5605
  0.7112  -11.5981   -5.2808   -2.6996   -2.6996    1.1961    2.7686    7.5903    7.5904   10.0959
  0.7659  -11.3169   -5.7530   -2.8451   -2.8451    1.0990    2.4558    8.0545    8.0547   10.6293
  0.8206  -11.0169   -6.2208   -2.9721   -2.9721    1.0240    2.1717    8.5227    8.5227   11.1555
  0.8753  -10.6987   -6.6828   -3.0803   -3.0803    0.9722    1.9170    8.9942    8.9943   11.6321
  0.9300  -10.3628   -7.1375   -3.1692   -3.1692    0.9444    1.6925    9.4679    9.4679   11.8298
  0.9847  -10.0099   -7.5837   -3.2386   -3.2386    0.9418    1.4982    9.9412    9.9412   12.2263
  1.0394   -9.6408   -8.0198   -3.2883   -3.2883    0.9651    1.3338   10.4067   10.4067   12.6208
  1.0941   -9.2563   -8.4447   -3.3182   -3.3182    1.0153    1.1989   10.8348   10.8354   12.1632
  1.1488   -8.8573   -8.8572   -3.3282   -3.3282    1.0930    1.0930   11.0662   11.0706   11.9248
  1.1488   -8.8573   -8.8572   -3.3282   -3.3282    1.0930    1.0930   11.0662   11.0706   11.9248
  1.2063   -8.8534   -8.8533   -3.3604   -3.3604    1.1545    1.1545   10.9531   10.9540   11.7891
  1.2637   -8.8419   -8.8419   -3.4506   -3.4506    1.3327    1.3327   10.5706   10.5712   11.6230
  1.3212   -8.8238   -8.8238   -3.5828   -3.5828    1.6123    1.6123    9.9889    9.9892   11.5538
  1.3786   -8.8005   -8.8005   -3.7377   -3.7377    1.9746    1.9746    9.3286    9.3286   11.5301
  1.4360   -8.7740   -8.7740   -3.8974   -3.8974    2.4027    2.4027    8.6433    8.6434   11.5236
  1.4935   -8.7467   -8.7467   -4.0471   -4.0471    2.8823    2.8823    7.9550    7.9550   11.5239
  1.5509   -8.7214   -8.7214   -4.1752   -4.1752    3.4014    3.4014    7.2759    7.2759   11.5270
  1.6084   -8.7008   -8.7008   -4.2730   -4.2730    3.9461    3.9461    6.6182    6.6182   11.5303
  1.6658   -8.6873   -8.6873   -4.3342   -4.3342    4.4839    4.4839    6.0132    6.0132   11.5327
  1.7232   -8.6827   -8.6826   -4.3550   -4.3550    4.8115    4.8115    5.6632    5.6632   11.5336
  1.7232   -8.6827   -8.6826   -4.3550   -4.3550    4.8115    4.8115    5.6632    5.6632   11.5336
  1.7774   -8.9238   -8.4470   -4.5119   -4.1608    4.6070    4.8973    5.5767    5.9106   11.0473
  1.8316   -9.1630   -8.2266   -4.6205   -3.9388    4.3879    4.7712    5.7431    6.2150   10.4416
  1.8857   -9.3950   -8.0330   -4.6680   -3.6967    4.1840    4.5550    6.0397    6.5473    9.7679
  1.9399   -9.6159   -7.8778   -4.6425   -3.4417    4.0052    4.3241    6.3901    6.8976    9.0613
  1.9940   -9.8230   -7.7688   -4.5360   -3.1804    3.8564    4.0974    6.7736    7.2604    8.3450
  2.0482  -10.0140   -7.7069   -4.3485   -2.9193    3.7409    3.8790    7.1818    7.6299    7.6361
  2.1023  -10.1877   -7.6852   -4.0882   -2.6650    3.6609    3.6687    6.9377    7.6263    7.9989
  2.1565  -10.3428   -7.6928   -3.7684   -2.4241    3.4627    3.6180    6.2762    8.0763    8.3495
  2.2106  -10.4785   -7.7186   -3.4044   -2.2030    3.2536    3.6119    5.6599    8.5515    8.6528
  2.2648  -10.5942   -7.7530   -3.0124   -2.0078    3.0300    3.6397    5.1099    8.8466    9.0471
  2.3190  -10.6894   -7.7888   -2.6102   -1.8432    2.7793    3.6949    4.6521    8.8602    9.5659
  2.3731  -10.7638   -7.8210   -2.2212   -1.7127    2.5001    3.7661    4.3070    8.7217   10.0986
  2.4273  -10.8171   -7.8461   -1.8793   -1.6186    2.2209    3.8374    4.0779    8.5416   10.7377
  2.4814  -10.8492   -7.8620   -1.6342   -1.5619    2.0036    3.8905    3.9508    8.4046   11.3278
  2.5356  -10.8599   -7.8675   -1.5430   -1.5430    1.9197    3.9103    3.9103    8.3544   11.5096
  2.5356  -10.8599   -7.8675   -1.5430   -1.5430    1.9197    3.9103    3.9103    8.3544   11.5096
  2.5909  -10.9068   -7.7990   -1.5367   -1.5367    1.9265    3.9170    3.9170    8.3652   11.1814
  2.6461  -11.0358   -7.6055   -1.5178   -1.5178    1.9470    3.9365    3.9365    8.3966   10.6623
  2.7014  -11.2210   -7.3129   -1.4865   -1.4865    1.9809    3.9668    3.9668    8.4456   10.1432
  2.7567  -11.4373   -6.9469   -1.4427   -1.4427    2.0280    4.0049    4.0049    8.5049    9.6509
  2.8119  -11.6662   -6.5265   -1.3868   -1.3868    2.0883    4.0456    4.0456    8.5571    9.1965
  2.8672  -11.8958   -6.0643   -1.3191   -1.3191    2.1612    4.0822    4.0822    8.5571    8.7896
  2.9225  -12.1183   -5.5692   -1.2401   -1.2401    2.2460    4.1058    4.1058    8.3992    8.4402
  2.9778  -12.3290   -5.0475   -1.1505   -1.1505    2.3418    4.1063    4.1063    8.0454    8.1591
  3.0330  -12.5246   -4.5041   -1.0514   -1.0514    2.4474    4.0740    4.0740    7.5766    7.9566
  3.0883  -12.7030   -3.9440   -0.9444   -0.9444    2.5608    4.0029    4.0029    7.0718    7.8386
  3.1436  -12.8626   -3.3722   -0.8315   -0.8315    2.6792    3.8935    3.8935    6.5490    7.8042
  3.1989  -13.0025   -2.7951   -0.7156   -0.7156    2.7988    3.7537    3.7537    6.0189    7.8443
  3.2541  -13.1218   -2.2210   -0.6006   -0.6006    2.9139    3.5968    3.5968    5.4908    7.9445
  3.3094  -13.2200   -1.6627   -0.4916   -0.4916    3.0159    3.4384    3.4385    4.9791    8.0847
  3.3647  -13.2967   -1.1411   -0.3951   -0.3950    3.0922    3.2942    3.2942    4.5095    8.2423
  3.4199  -13.3518   -0.6911   -0.3181   -0.3181    3.1238    3.1784    3.1784    4.1275    8.3920
  3.4752  -13.3848   -0.3704   -0.2682   -0.2682    3.1021    3.1033    3.1033    3.8920    8.5158
  3.5305  -13.3958   -0.2508   -0.2508   -0.2508    3.0773    3.0773    3.0773    3.8192    8.4680
  3.5305  -13.3958   -0.2508   -0.2508   -0.2508    3.0773    3.0773    3.0773    3.8192    8.4680
  3.5835  -13.3857   -0.3495   -0.2901   -0.2552    3.0877    3.0925    3.1240    3.8850    8.5122
  3.6365  -13.3553   -0.6157   -0.4044   -0.2687    3.1190    3.1369    3.2208    4.0942    8.3175
  3.6894  -13.3048   -0.9905   -0.5844   -0.2919    3.1711    3.2079    3.3095    4.4397    8.0929
  3.7424  -13.2341   -1.4249   -0.8176   -0.3259    3.2440    3.3025    3.3800    4.8693    7.8432
  3.7954  -13.1436   -1.8882   -1.0911   -0.3720    3.3375    3.4181    3.4400    5.3198    7.5948
  3.8484  -13.0335   -2.3621   -1.3931   -0.4317    3.4516    3.4933    3.5532    5.7281    7.3648
  3.9013  -12.9040   -2.8359   -1.7134   -0.5061    3.5386    3.5861    3.7072    6.0324    7.1649
  3.9543  -12.7556   -3.3029   -2.0435   -0.5963    3.5713    3.7408    3.8797    6.2039    7.0025
  4.0073  -12.5889   -3.7587   -2.3766   -0.7025    3.5841    3.9157    4.0705    6.2722    6.8823
  4.0603  -12.4044   -4.2006   -2.7070   -0.8244    3.5693    4.1103    4.2797    6.2940    6.8064
  4.1133  -12.2030   -4.6265   -3.0298   -0.9610    3.5203    4.3247    4.5071    6.3156    6.7761
  4.1662  -11.9857   -5.0351   -3.3408   -1.1104    3.4343    4.5585    4.7525    6.3645    6.7909
  4.2192  -11.7539   -5.4252   -3.6364   -1.2703    3.3133    4.8114    5.0157    6.4532    6.8495
  4.2722  -11.5091   -5.7961   -3.9130   -1.4379    3.1638    5.0832    5.2961    6.5845    6.9500
  4.3252  -11.2536   -6.1472   -4.1669   -1.6104    2.9936    5.3735    5.5928    6.7556    7.0898
  4.3782  -10.9901   -6.4781   -4.3946   -1.7848    2.8108    5.6819    5.9038    6.9621    7.2665
  4.4311  -10.7220   -6.7883   -4.5918   -1.9585    2.6224    6.0081    6.2244    7.1990    7.4774
  4.4841  -10.4538   -7.0776   -4.7539   -2.1288    2.4341    6.3516    6.5405    7.4620    7.7199
  4.5371  -10.1908   -7.3456   -4.8755   -2.2935    2.2501    6.7117    6.7879    7.7481    7.9959
  4.5901   -9.9393   -7.5923   -4.9509   -2.4505    2.0739    6.6635    7.0878    7.7452    8.0524
  4.6431   -9.7063   -7.8174   -4.9741   -2.5982    1.9080    6.0797    7.4791    7.9810    8.3743
  4.6960   -9.4986   -8.0207   -4.9400   -2.7350    1.7545    5.3887    7.8843    8.3564    8.7103
  4.7490   -9.3215   -8.2021   -4.8460   -2.8596    1.6148    4.6895    8.3019    8.7766    9.0582
  4.7490   -9.3215   -8.2021   -4.8460   -2.8596    1.6148    4.6895    8.3019    8.7766    9.0582
  4.8024   -9.3884   -8.1268   -4.8888   -2.8547    1.7517    5.0084    7.8901    8.5088    8.8052
  4.8559   -9.4445   -8.0554   -4.9052   -2.9353    2.0312    5.3325    7.3510    7.8666    8.9763
  4.9093   -9.4896   -7.9896   -4.8952   -3.0743    2.4269    5.6287    6.8425    7.2304    9.1659
  4.9627   -9.5235   -7.9324   -4.8594   -3.2423    2.9096    5.7226    6.5553    6.6086    9.3579
  5.0161   -9.5460   -7.8877   -4.7985   -3.4138    3.4517    5.3818    6.0098    6.7275    9.5476
  5.0696   -9.5568   -7.8601   -4.7138   -3.5693    4.0162    4.8828    5.4569    7.0857    9.7326
  5.1230   -9.5555   -7.8542   -4.6068   -3.6943    4.3631    4.4115    5.1323    7.4945    9.9121
  5.1764   -9.5418   -7.8735   -4.4797   -3.7796    3.8513    4.1290    5.5386    7.9274   10.0863
  5.2298   -9.5156   -7.9197   -4.3356   -3.8203    3.3582    3.6470    6.1939    8.3754   10.2560
  5.2833   -9.4765   -7.9921   -4.1781   -3.8168    2.8910    3.1642    6.8975    8.8324   10.4236
  5.3367   -9.4245   -8.0875   -4.0123   -3.7736    2.4566    2.7070    7.6222    9.2920   10.5931
  5.3901   -9.3596   -8.2008   -3.8448   -3.6992    2.0630    2.2861    8.3567    9.7437   10.7720
  5.4435   -9.2820   -8.3267   -3.6840   -3.6051    1.7198    1.9107    9.0897   10.1677   10.9745
  5.4970   -9.1921   -8.4597   -3.5405   -3.5053    1.4386    1.5913    9.8024   10.5304   11.2236
  5.5504   -9.0907   -8.5950   -3.4264   -3.4154    1.2325    1.3401   10.4513   10.8021   11.5237
  5.6038   -8.9786   -8.7286   -3.3531   -3.3517    1.1143    1.1702   10.9214   10.9856   11.8055
  5.6572   -8.8573   -8.8572   -3.3282   -3.3282    1.0930    1.0930   11.0662   11.0706   11.9248
